# Program:featureCounts v2.0.1; Command:"featureCounts" "-t" "piRNA" "-g" "ID" "-s" "0" "-M" "--fraction" "-a" "merge_mm10_piRNAcluster1.gff3" "-o" "counts_piRNA_cluster_s0.txt" "1.sam" "2.sam" "3.sam" "4.sam" "5.sam" "6.sam" "7.sam" "8.sam" "9.sam" "10.sam" "11.sam" "12.sam" "13.sam" "14.sam" "15.sam" "16.sam" "17.sam" "18.sam" "19.sam" "20.sam" "21.sam" "22.sam" "23.sam" "24.sam" 
Geneid	Chr	Start	End	Strand	Length	1.sam	2.sam	3.sam	4.sam	5.sam	6.sam	7.sam	8.sam	9.sam	10.sam	11.sam	12.sam	13.sam	14.sam	15.sam	16.sam	17.sam	18.sam	19.sam	20.sam	21.sam	22.sam	23.sam	24.sam
1-qC1-637	chr1	57348976	57377520	-	28545	250	38	337	518.20	176	380.50	299	334	270.50	248.50	39	30	105	67	322	368.20	356	281.40	308	398.50	699.50	106.60	734.00	191.80
1-qD-2017	chr1	91403056	91406029	-	2974	452.50	39	614	1112	252	700.33	496	446	430	414	100	27	223	151	433	849	711.50	767	606	680	1262	295	1307	484
1-qD-4525	chr1	92992345	92997067	-	4723	862	173	1077	1816	548	1396	1778	1113.50	998.50	902	223.50	105	553	407	1159	1732.50	1451.50	1509	1136.50	1365	2490	757	2811	1182
1-qE2-2	chr1	118459145	118459266	-	122	47	50	303	98	106	93	35	77	46	160	58	33	62	10	91	71	114	191	83	125	263	17	156	82
1-qE3-706	chr1	125174892	125177979	+	3088	203	48	357	371	93	300.50	369	190	185	249	66	50	106.20	48	122	322	285.50	259	258.50	226	522	95	456	251
10-qA3-143	chr10	20310506	20312760	-	2255	47	9	51	159	27	84	113	38	54.50	38	16	19	26	20	41	99.50	75	75	72	73.50	137.50	13	99.50	91
10-qA3-2592	chr10	18796806	18831930	-	35125	702.83	113.25	730	1568.83	574	1112.50	2022	817	724.83	792.67	165	146	415.50	324	960	1401.17	1110.50	1017.50	934	1116.33	2132.33	761	1957.50	956
10-qB4-6488	chr10	62651693	62706331	+	54639	1400.40	245.43	1761.13	3148.02	1177.93	2195.85	2836	1483.25	1324.78	1223.83	274.83	172.50	732.33	501.33	1337	2466.90	2352.43	1829.53	1895.83	2142.03	4258.18	977.33	3931.77	1556.53
10-qB5-221	chr10	66698293	66708692	+	10400	30	5	57.60	103.30	68	64.80	185	50.80	49.40	49.40	4.20	0	33.20	22	21	69.40	79.90	80	62.50	52.40	138	48.20	138.78	33.60
10-qB5-5404	chr10	66679900	66698136	-	18237	1763.33	271.90	1976.43	3539.37	1122.73	2545.02	2691.60	1764.52	1696.93	1451.78	358.28	219	800.73	502.90	1347.20	2958.47	2459.72	1927.57	2221.20	2306.50	4545.82	1070.60	4707.62	1985.80
10-qC1-117	chr10	84488294	84504837	+	16544	17.50	1	0	60.25	26	34	38	24	20	29	7	1	23	26	43	20.20	32	35.20	44	13	39	24	62	50
10-qC1-12816	chr10	75837524	75864170	+	26647	2520.63	440.65	3128.25	5943.92	1584.12	4104.12	5204.33	2936.18	2467.27	2193.25	652.03	314.58	1143.58	837.67	2248.90	5206.17	3986.88	4146.17	3416.20	3673.53	7187.22	1936.25	6935.53	3605.23
10-qC1-1527	chr10	86548679	86591509	-	42831	1225.53	196.58	1182.71	2570.26	774.68	1730.23	2328.35	1425.66	1101.53	1239.88	255.05	250.08	651.12	446.78	1222.40	2166.03	1677.11	1432.65	1536.46	1629.86	3103.82	841.90	3042.19	1301.13
10-qC1-2617	chr10	85748562	85781750	+	33189	1117.05	180.20	1229.75	2349.34	728.93	1604.11	2849.40	1346.98	1047.46	1299.26	255.35	153.55	550.90	443.08	1246.03	2255.39	1710.01	1701.40	1310.63	1601.66	3100.58	690.63	3026.46	1286.45
10-qC1-875	chr10	86617012	86670850	+	53839	523.18	80.75	663.68	1209.73	396.32	830.50	2150.13	609.43	589.25	645.33	101.38	59.08	340.23	195.22	636.52	1033.06	851.11	766.06	710.93	781.46	1640.06	430.45	1540.51	811.06
10-qC2-545	chr10	94673713	94688442	-	14730	268.75	63.25	298	587.25	210.20	563.75	749	378.50	292.50	311.25	118	45	118.25	71.67	291.25	616	488.50	517	451.75	482.75	853.17	258	981.50	449
11-qB1-590	chr11	50939596	50943725	-	4130	131	28	176.00	331	149	279	161	168	141	144	28	4	73	59	99	264	227.50	219	221.50	242.50	419	87	480	163
11-qE1-252	chr11	108417576	108425425	-	7850	98	24	112	216	70	207.20	0	115	118.45	113.50	17	4	28	24	25	176	133.60	56	128	117	262.33	72	281	186
11-qE1-3997	chr11	107994012	107999715	+	5704	492	87	646	1513	504	1009	1478	634	558	1079	133	101	339	258	972	1343	1011.10	1408	1024.50	1147	1969.50	455	1515.40	860
11-qE1-9443	chr11	103424327	103453696	+	29370	1759.70	268.53	2091.60	4425.67	1084.80	2837.18	4509.93	1966.95	1843.82	1777.67	310.50	260	855.52	573	2025.57	3308.25	2862.28	2488.67	2397.05	2625.82	5139.72	1108.83	4806.83	2035.32
12-qE-23911	chr12	98378945	98420048	-	41104	6673.20	1033.50	7646.50	15603.53	4761.50	11098.15	16715.50	7702.40	6704.67	7704.67	1356.50	970.50	3653.37	2405.50	7904.50	12902.60	10221.42	11051	8952.67	10339.50	19868.78	4580.50	18822.77	8291.40
12-qE-7089	chr12	98420148	98455965	+	35818	1856.50	285.40	2240.40	4386.93	1364.60	3244.20	4196	2054.50	1879.33	1869	426	229	775.75	633	1651	3773	2857.93	2699.50	2731.40	3274.60	5396.63	1270.50	5421.45	2510.40
13-qA3-213	chr13	21503621	21506524	-	2904	101	11.20	188.80	316.70	145	217.70	142	145.40	120.85	93.60	24	2.50	81.20	47	131.80	173.60	220.35	115	211.80	139.20	444.00	131.60	345.07	229.60
13-qA3-355	chr13	24905600	24935032	+	29433	137	12	122	219	43	141	211	107	120	127	20	18	42	10.40	90	119	172.50	117	157	177	254	86	313	91
13-qA5-156	chr13	49814722	49895692	+	80971	149.70	17.33	105.07	251.62	137.17	230.67	185	186.02	130.97	130.52	27.42	4.70	58.02	39.00	49.83	236.13	182.33	185.32	164.72	165.23	298.65	130.05	301.90	93.52
13-qA5-208	chr13	50268025	50317360	+	49336	146.02	24.23	143.60	286.72	41.42	188.45	151.08	109.95	144.83	124.72	38.93	48.20	78.60	19.73	125.40	256.43	210.48	251.02	156.10	171.70	387.03	82.67	321.28	196.58
13-qA5-464	chr13	50501554	50595487	-	93934	541.97	104.88	622.45	1362.03	596.82	1002.98	1514.98	667.95	895.78	775.96	270.90	107.93	366.63	236.75	736.30	947.26	1007.21	825.10	859.05	1049.61	1452.46	419.12	1280.20	632.38
13-qA5-703	chr13	50905640	50934148	-	28509	580.57	95.07	597.27	1541.01	584.58	1083.76	1371.98	670.68	855.83	906.02	213.70	115.20	349.48	235.58	554.08	1029.10	982.01	767.48	891.01	1066.28	1632.35	472.38	1500.26	600.60
13-qA5-967	chr13	52096735	52124158	+	27424	226	34	302	573.20	181	375	181	246	239	192	60	19	129	42	143	398	370	267	301	377	666.50	124	687	227
13-qB1-1517	chr13	53393668	53454538	+	60871	359.93	65.30	527.28	858.25	205	664.47	1396.50	503.27	402.25	429.88	76.00	55.83	188.53	90.92	473.47	682.68	633.72	520.08	511.52	690.57	1079.47	266.83	1017.03	477.00
14-qA3-19970	chr14	24081994	24130091	+	48098	4157.80	697.27	5224.20	10410.05	3006.20	6940.97	8962	4621.88	4208.18	4274.97	918.10	556	2294.10	1454.80	4545.00	8172.73	6738.87	5981.80	5856.30	6678.57	12308.13	2915.93	12105.30	5644
14-qA3-2286	chr14	24337663	24369814	-	32152	671.07	109.85	995.45	1448.73	471.90	987.50	1633.92	821.23	761.50	586.03	179.70	120.90	439.33	216	638.50	1061.30	990.32	971.87	907.62	899.27	1849.15	461.10	1847.37	708.03
14-qA3-284	chr14	24412817	24429825	-	17009	74.50	32.50	161	263.03	56.83	178.20	157.50	129	126.40	96	16.50	10.50	63.33	30	36.50	152	181.10	157.50	144.70	193.70	289.50	125	261.70	174
14-qA3-3095	chr14	19626160	19653410	-	27251	1060.30	157.28	1301.63	2627.78	721.12	1842.05	2372.07	1297.07	1159.68	1116.07	270.60	135.60	598.22	401.50	994.82	1957.57	1802.45	1633.23	1464.75	1851.78	3131.88	833.30	3082.28	1277.08
14-qC1-1010	chr14	44926823	44950817	+	23995	718.10	107.83	877.33	1663.43	425.53	1243.72	1147.33	869.17	758.40	723.37	167.50	74.50	336.17	260.50	722.17	1350.65	1062.13	920.83	987.10	1116.15	2044.95	511.97	2155.68	805.67
14-qC1-1261	chr14	44758113	44789939	-	31827	1083.13	158.80	1033.08	2174.82	680.43	1604.73	1742.33	1188.43	1075.93	896.75	252.70	134.50	548.33	382.25	943.17	1949.82	1469.28	1317.73	1297.78	1523.85	2730.85	677.83	2604.48	1017.08
15-qD1-17920	chr15	59247366	59275222	-	27857	4776.50	813.33	5793.83	11565.27	3526.67	8256.75	8892.10	5845.10	5056.02	4779.33	1067	840.50	2560.08	1687	5269.00	8962.50	7401.97	7244.40	6406.45	8020.87	14016.50	3109.67	13774.03	5857
15-qD1-4001	chr15	59275367	59312014	+	36648	1082.60	132.20	1206.70	2548.60	656.83	1730.43	2349.00	1229.70	1073.73	1359.65	264.53	172	578.62	369.60	1215.50	2054.08	1606.82	1534.95	1392.75	1577.10	3101.22	616	2883.05	1350.10
15-qD3-14639	chr15	74636388	74658911	+	22524	3074.40	529.53	3659.75	7318.72	2017.50	4984.38	6517	3308.48	3056.90	2755.42	682	483.50	1437.32	1150.83	3133.50	5834.75	5022.90	4427.20	4107.08	4445.97	9031.67	2180.00	8745.03	4095.67
15-qE1-1119	chr15	79928006	79963233	+	35228	260.37	30	301.50	606	168	449.53	528	261.80	312.50	244	47	31	133	69	359	582.80	418.25	315	335.70	455.33	838.50	170	821.50	373.00
15-qE1-3710	chr15	83353848	83367280	-	13433	956.83	140.50	1204.40	1986.83	582	1433.50	1945.50	1041	930.33	945.50	195	121	484	270	804	1611	1377.45	1340	1258	1424.50	2485.30	636.40	2475.20	1381
15-qE1-8387	chr15	78647685	78670532	-	22848	2311.78	336.45	2434.12	4928.07	1307.20	3387.03	3052	2509.33	2109.53	1907.95	462.53	330	1086.53	741.75	2319	3852.70	3386.78	2646.53	2690.48	3267.13	5812.07	1214	5775.30	2509.10
17-qA3-26735	chr17	27325197	27367483	+	42287	4571.08	708.05	5891.93	13319.65	2757.70	7817.92	11782.50	4577.98	4533.50	4520.85	1028.10	543.30	2275.70	1468.23	5719.90	9877.95	8430.45	8076.18	6913.43	6812.10	13875.03	3298.93	13970.45	6228.53
17-qA3-27363	chr17	27288276	27325028	-	36753	6466.45	978.88	8198.17	16218.57	3835.97	10586.93	13823.35	7188.62	6573.62	5976.12	1499.33	780.13	3370.07	2187.33	7222.00	12803.08	10865.37	9381.82	9259.27	10013.83	18276.03	4380.47	18458.88	8384.27
17-qA3-352	chr17	22497402	22522100	+	24699	226.87	53.90	390.28	659.02	283.75	437.48	830.75	293.82	419.15	375.40	130.03	36.20	142.68	103.42	208.92	380.82	501.10	359.95	449.48	428.67	617.58	226.00	625.77	284.60
17-qC-59	chr17	50237659	50247541	+	9883	29	1	21	53	11	37	0	19	32	20	5	0	5	2	0	57	25	80	36	35	33	51	52	12
17-qC-935	chr17	49112271	49113511	-	1241	361	45	248	736	159	467	143	260	298	157	77	18	125	83	332	698	483.50	313	471	534	988	235	1104	424
17-qE1-7037	chr17	66206812	66231758	+	24947	2114.42	333.32	3027.85	5250.46	1402.33	3523.75	3986.55	2519.60	2219.43	2229.77	494.45	248.43	1109.48	696.42	2588.23	4490.12	3452.95	3136.08	2957.75	3339.72	6860.90	1591.30	6090.20	3128.52
18-qE1-1295	chr18	67066588	67084379	+	17792	349.82	64.60	395.77	664.27	290.38	508.00	829.40	435.15	306.83	382.07	67.88	41.20	158.65	58.23	321.15	616.20	554.75	527.42	429.07	533.08	927.23	317.35	859.80	444.05
18-qE1-36451	chr18	67029447	67066460	-	37014	10561.35	1806.98	12367.93	23042.40	7079.00	15659.88	21628.78	12420.13	10551.85	9938.27	2252.95	1493.05	5787.58	3955.08	10543.53	19404.62	15349.33	14592.20	13353.32	16272.70	28994.97	7503.30	27349.95	12735.05
19-qC2-1361	chr19	37254674	37263866	-	9193	614	123	978	2041	293	772	867	502.50	1050	846	252	71.50	251	468	431	1138.50	1010.50	726	859.40	1408	1294	620	1311	846
2-qE1-35981	chr2	92541142	92609144	+	68003	8728.32	1527.30	10684.52	19484.67	5551.67	13155.82	16724.10	9653.52	8397.65	8235.30	1874.15	1263.60	4352.00	3028.37	8669.50	16559.37	13453.60	11915.32	11485.57	13608.10	24945.27	6087.17	22908.05	11072.37
2-qE5-4	chr2	120692589	120715137	+	22549	3	14	18	7	19	13	0	19	13	15	6	1	23	2	10	10	10	0	13	23	2	12	19	23
2-qF1-2536	chr2	127691854	127703711	+	11858	513.70	110.20	721.20	1098.70	335.00	739.33	874	598	477.23	347.83	124.20	47	247.20	152	253	819	781.20	606	715.13	732	1229.03	382	1283.70	603.33
2-qG3-1029	chr2	151127448	151158594	+	31147	957.75	204.43	1211.78	2581.11	777.90	1636.03	2042.68	1221.76	1086.93	1215.53	247.12	192.92	605.91	487.20	1045.81	2052.03	1672.99	1555.23	1639.61	1782.61	3398.54	967.03	2901.99	1373.93
3-qA2-617	chr3	20402672	20506199	-	103528	153	39	111	340.40	136	270.90	386	164.10	156	127.25	33.20	36.75	67.70	107	138.60	265.50	223.50	150.40	194	166	427.50	146	395.37	233.30
3-qA3-2052	chr3	34826631	34879283	+	52653	665.40	95.60	863.07	1364.93	388.20	840.60	1150	644.40	550.80	652.00	119	100	281.20	250	648.60	935.20	869.90	763.00	795.30	952.90	1768.00	314.80	1460.60	560.60
4-qB3-277	chr4	62231006	62239341	+	8336	814	141.83	1135.67	1976.42	584.00	1392	2164	891	824	857	164.50	117.50	404.33	274.50	1068.50	1795	1382.33	1514	1166.00	1270.33	2380.67	542.00	2464.42	1166
4-qB3-3994	chr4	57356531	57364266	-	7736	1035	144	1185	2267	605	1564	1591	1271	1008	1099.50	208	197	550.70	329	1396	1842	1549.75	1309	1134	1437.50	2754.50	603	2660	1143
4-qB3-639	chr4	62220598	62230936	-	10339	1316	213.83	1966.67	3238.42	971.00	2280.20	2938	1478	1369	1491	335.50	259.50	755.33	512.50	1547.50	2757	2180.33	2069	1740.33	2142.33	3658.17	770.00	4146.42	1778
4-qC5-17839	chr4	94280152	94331623	-	51472	5500.48	966.20	6192.30	12570.52	4031.70	8807.07	12813.95	6215.82	5311.80	6053.80	1134.75	794.10	2701.83	2068.90	5284.17	10450.83	8102.42	8188.60	7346.00	8305.40	15611.63	3834.77	15060.43	6620.40
4-qD2-2182	chr4	123833625	123841966	-	8342	815.50	143.75	686.03	1427.95	511.50	952.07	573	799.50	655.73	734.17	173.50	110.20	335.33	246.50	1003	1297.17	939.37	831.83	729.73	1057.17	1818.52	557	1683.45	691.50
4-qD2-349	chr4	123892083	123896600	-	4518	93	25	146	269	82	146.50	394	150	95	161	25	6	68	21	37	233	162	108	116	137	298	64	312	141
4-qD3-2082	chr4	135626796	135630198	+	3403	585	106	851	1426	529	962	874	707	677	536	124	62	359	195	650	1042	1072	847	794	1045	1957	557	1762	861
5-qF-14224	chr5	113340138	113376874	+	36737	3489.72	578.83	4009.83	7621.38	2325.08	5613.86	5876.50	3671.93	3350.85	3438.27	819.62	467.67	1694.53	1208.65	3404.80	6560.18	5498.38	4866.07	5041.18	5214.75	9583.46	2794.83	10510.73	4657.27
5-qF-14508	chr5	113320455	113340095	-	19641	3631.90	680.40	4852.53	8704.48	2353.23	5995.72	8754.07	4623.82	3821.42	4384.87	913.98	581.85	2179.90	1449.23	3707.20	7923.43	5885.77	5256.53	5309.65	5719.27	10586.38	2420.85	10631.67	5361.07
5-qF-4633	chr5	114828520	114853587	-	25068	2165.90	456.50	2976.13	4782.88	1526.60	3557.61	3732.88	2504.40	2331.10	2143.36	613.17	325.38	1255.91	762.22	2674.08	4221.10	3727.71	3009.98	3067.70	3057.70	5939.61	1762.76	6996.67	3270.71
5-qG2-2301	chr5	143758379	143768596	+	10218	572	86.70	742.20	1157	281	786.67	1172	597.50	525.50	527.33	126	66.50	234.50	177	500	968	798.95	841.83	693.70	672	1356.70	256.20	1472.53	685.50
5-qG2-950	chr5	136919146	136937112	+	17967	629.11	233.75	1044.57	729.75	572.99	732.74	730.66	369.03	504.58	502.36	161.25	265.50	361.06	170.75	599.74	535.16	827.88	790.33	646.11	537.25	975.84	365.00	1280.29	470.08
5-qG3-23659	chr5	149790072	149831589	-	41518	5876.72	1085.93	7239.95	14224.75	4243.87	9449.88	11744.40	6889.70	6109.58	6611.10	1484.37	908.25	3362.93	2306.10	6885.75	12144.97	9786.08	9589.20	8265.78	9050.50	16890.92	4272.40	17831.78	7683.50
6-qC3-100	chr6	83575941	83590341	+	14401	162	23	252.30	345.90	121	250.33	337.50	190.50	156	169.00	45.50	26.50	76.33	70	188	293.60	259.27	341.80	212.50	241.33	428.90	66.50	462.25	177.83
6-qC3-2394	chr6	85985215	86003606	-	18392	695.67	140.57	698.67	1579.17	515.00	1124.33	1880.83	785.67	755.67	818.50	162.67	110.50	392.00	289.50	738	1194.53	1129.87	1097.50	815.17	1128.50	1825.20	410.50	1997.08	726.83
6-qC3-6258	chr6	81893818	81911839	-	18022	1639	263.50	2149	4125.33	1171.50	2849	3783	1950.50	1729.20	1958	432	271	917.50	548	1976	3123.50	2585.75	2749.33	2326.67	3109.50	5282	1320	4907.33	2249
6-qD1-2831	chr6	87962456	87994167	-	31712	613.17	84.67	759	1533.83	470.67	1026.92	1168	765.53	650.83	539.25	161.20	103	332.00	307	592	1227.73	1041.95	908.17	861.32	1131.60	1847.93	354.50	1876.57	823.67
6-qF3-1063	chr6	128438800	128506907	+	68108	366.80	66.00	406.25	782.75	239.00	622.50	537	365.00	401.00	403.00	88.00	29	142.35	112.00	466.00	521.50	545.00	385.00	492.00	532.00	1026.95	358.00	961.25	294.50
6-qF3-28913	chr6	127796431	127841890	+	45460	5902.52	998.70	7978.83	14288.23	4498.28	9935.90	13937	7053.52	6434.58	6354.87	1351.50	870	3206.28	2243.55	6345.42	12553.40	9690.90	9579.60	8749.95	9269.75	18165.02	4814.83	17701.90	7494.43
6-qF3-3040	chr6	128169705	128200582	-	30878	1029.17	154.83	1236.50	2264.50	622.33	1555.00	1546.50	1019.00	951.17	997.00	230.00	194.67	546.83	255.33	695.00	1847.77	1446.67	1036.67	1213.33	1319.33	2770.78	641.00	2541.53	1054.00
6-qF3-8009	chr6	127776076	127796372	-	20297	2217.50	363.00	2696.60	4937.50	1601.00	3617.50	3643.00	2488.00	2488.67	2260.50	475	168	1182.50	720.00	2481.00	4284.50	3542.00	3092.00	3021.00	3107.00	6432.33	1510	6132.00	2781.00
7-qB5-6255	chr7	52887607	52913867	+	26261	1101.13	181.33	1333.23	2339.30	766.33	1692.45	3930	1290.50	1215.12	1551.03	290.53	163.40	549.50	425	2360.50	1984.37	1700.52	2390.27	1583.40	1721.23	3028.55	758.70	2869.55	1260.63
7-qD1-16444	chr7	69909764	69966359	+	56596	3026.83	491.20	3538.33	6843.60	1685.53	4904.97	5903	3503.33	2875.33	3078.40	619.20	420	1401.90	1037.70	2942	5851	4582.67	4435.60	3960.70	4625	8768.50	2017	8253.48	3920.07
7-qD1-19431	chr7	73105312	73146779	+	41468	4638.50	835.95	5648.50	10312.05	2780.33	7597.68	9975.33	5366.45	4609.67	4599.42	1048.70	710	2306.75	1776	4623.50	8361.03	7216.28	6724	6313.42	7275.20	13649.85	3257	13106.78	5466.70
7-qD1-654	chr7	73097826	73105273	-	7448	205.33	30	298.23	470.65	142	355.67	163	241	179	180	30.20	56	119.33	91.10	218	379.50	276	245	293	368.50	666.07	152	504.50	296.80
7-qD1-9417	chr7	69874210	69909583	-	35374	2997.40	528.20	3156.40	5773.23	1870	4085.50	4814.50	3483.80	2795	2764.67	557.40	369	1346	1189	2626	4568.20	3780.43	3626	3328.37	3979	7103.10	1876.00	6803.30	3059.50
7-qD2-11976	chr7	73816595	73838894	+	22300	2357.73	441.20	3657.10	6015.88	1808.20	4108.82	7699.25	2844.53	2584.08	2279	548.90	359	1206.90	930.90	2973	4652.20	4177.80	3740.90	3591.27	4066.00	7656.90	1768.92	7714.50	3537.30
7-qD2-24830	chr7	73773917	73816469	-	42553	6123.30	989.03	7260	13919.53	3956.50	9532.23	11753.50	6725.12	6048.80	5991.72	1341.20	919.70	3142.47	2312.93	6116.50	10956.00	9380.93	9001.57	8118.32	9340.32	17336.65	3801.47	16708.07	7249.23
7-qD2-40	chr7	75769042	75782107	-	13066	31	5	76.50	25.70	31	50	75	38	18	50.20	14	19	34	21	0	15	22.00	47	25.40	37.60	42	20	53.20	25
7-qF3-246	chr7	125349871	125364820	+	14950	35	15	107	99.25	23	66.33	173	39	39.17	58	6	0	14	4	33	111	69.57	33	69.40	90	159.33	17	143.80	43
7-qF3-3125	chr7	125316893	125349772	-	32880	1008.40	185.50	1202.20	2168.70	760.50	1602.53	2095	969.60	1003.70	1143.50	256.33	126.20	536.90	418	958.00	1559	1520.60	1282.90	1463.70	1737.80	2795.10	642.20	2756.80	1194.20
8-qA2-343	chr8	27293077	27296288	-	3212	199.85	27.83	314.20	537.20	104.75	376.58	337	250.53	201.33	198.25	64.17	28	98.67	38.17	217.50	469.65	321.15	352.67	300.58	302.82	600.73	156.50	570.20	274.25
8-qA4-155	chr8	37103898	37105508	-	1611	115.25	16.33	134.40	244.78	50.75	181.12	258.00	158.07	145.33	151.08	31.50	0	49.87	43.50	94	220.12	208.00	130.17	190.08	199.35	304.23	53.00	278.53	139.25
8-qA4-332	chr8	37088935	37094955	-	6021	198.68	37.50	330.40	499.52	146.35	329.62	368.50	199.88	245.07	268.82	60.33	31	116.15	66.83	166.50	299.32	333.75	383.10	250.37	390.90	569.33	198.00	520.48	264.42
8-qC5-2209	chr8	93409942	93427377	-	17436	629.20	113.20	971	1537.17	445	1096.73	1989	773.50	597	632.30	191.50	122	459.70	257.90	546	1287.90	1084.95	964	915.30	1039	2021.97	446.87	1928	876.00
8-qC5-8200	chr8	92189460	92194416	+	4957	2069.50	318	2181.50	4272	1080	3166	3363	1834	1907.50	1700	427	223.00	905.50	695	1759	3492.33	3157.50	2827.50	2285.50	2605.50	5043.33	1350	5454.50	2307.50
8-qE1-3748	chr8	110117666	110132456	+	14791	867.75	135.20	1100.00	1865.82	590.50	1287.25	1719.20	928.40	895.68	900.40	171.50	152	418.60	346.50	869.80	1603.00	1478.95	1200.20	1141.75	1398.90	2341.73	539	2439.10	1155.60
9-qA1-178	chr9	3181784	3199792	-	18009	49.90	11	48.25	140.23	50.30	133.23	138	73.28	66.95	101.33	10.70	7	44.20	17	125.00	110.50	120.63	64.75	105.15	175.10	207.48	93.80	214.27	109.80
9-qA5-1495	chr9	54249946	54277638	+	27693	420.17	72	536.00	921.30	331	670.27	268	376.57	431.98	351.17	102	58	193.53	136.20	520	806.88	556.70	586.00	512.33	572.50	1090.68	253.67	1200.40	438.10
9-qA5-24188	chr9	54207174	54249823	-	42650	6562.17	1041.20	7453.60	14773.60	4072.50	10659.73	11933.20	7422.50	6612.83	6979.57	1476.70	992	3560.42	2557.50	6121.37	12560.48	10077.57	9558.47	8669.83	9896.23	18992.32	4237.90	18304.72	7886.25
9-qC-10667	chr9	67733945	67760929	+	26985	3034.13	543.12	3124.33	6593.65	2054.42	4522.57	7664.53	3492.40	2893.15	3223.22	616.72	458.50	1487.62	1241.17	3285.90	5713.83	4716.75	4647.42	3937.87	4955.75	8568.15	2161.17	7937.05	3919.23
9-qC-31469	chr9	67691252	67733786	-	42535	8676.97	1446.90	10135.50	20513.80	5916.80	14166.95	18383.17	10740.20	8958.90	8943.73	1959.93	1206.40	4637.65	3343.25	8504.20	16485.92	13567.35	12988.40	11952.40	13715.80	25828.88	5739.70	23631.02	10743.00
9-qF4-150	chr9	122780673	122805469	-	24797	50.20	9	35	94.33	13	80.30	62	60	51	69	15	0	28.50	8	0	116.33	80	77	57.73	86	157.10	37	125.87	66
pi-1700006A11Rik	chr3	124398083	124425991	-	27909	405.20	80	609	1103.20	336	790.50	993	614	504	515	102.50	81	249	201	807	927.50	837	978	766	748	1449.50	376	1460	620
pi-1700016M24Rik	chr15	74606029	74636770	-	30742	29	11	30	105	32	45	53	42	32	45	6	6	26	15	42	93.20	84	19.60	31	23.40	82	3	90.40	74
pi-Abl2	chr1	156558073	156649619	+	91547	29	16.33	58	58	17	59.75	119	42	51.50	86.50	13	13	31.50	17	32	25.20	38	51	36	42	55.53	8	94.40	9
pi-Acvr2b	chr9	119402286	119441914	+	39629	8	3	1	14	5	9.60	0	7	1	19	3	14	4	0	0	0	3.50	14	14	0	0	0.80	14.60	0
pi-Ankrd11	chr8	122883089	123042254	-	159166	73.25	53	66.27	64	51	124.72	18.20	71.20	68.90	106.40	69.20	130	118.20	28	144.60	37.50	51.70	115.20	76.62	63	77.40	29	195.00	71.60
pi-Arhgap20	chr9	51765299	51853665	+	88367	168	37	278	449.20	188.50	374	418	255	199.33	327.00	64	82	145	54	252	423.50	308	419.40	280.50	402	627.75	127	580.25	281
pi-Asb1	chr1	91540016	91559583	+	19568	194	56	224	633.50	216	456	958	339	279	297.50	64	23	167	97	280.33	515	467.50	524.40	382	374	732	180	745	270.50
pi-Atxn1l	chr8	109726650	109737749	-	11100	5	5	38	20	0	10	0	41	11	14	2	9	15	6	31	40	17	0	21	25	33	17	44	10
pi-BC026590	chr4	56802349	56809597	+	7249	51	2	14	61.58	16	58.75	101	54.25	56.08	43.75	7	28	20.45	4	0	56	50.33	20	49.58	41	123.17	8	124.10	37.42
pi-Bcl2l13	chr6	120836212	120892841	+	56630	16	6	20.40	44.33	8.20	23.70	49	29	25.83	39.20	6	45	16	0	0	31	32.20	33	21	42	73.20	5	54.50	27
pi-Bend4	chr5	67392150	67428120	-	35971	1	8	15	9.25	0	11	0	5	4	3	3	6	2	11	0	9	5	12	1	0	6	0	15.50	9
pi-Cbfa2t2	chr2	154436484	154539356	+	102873	46	20.50	53.20	30.50	61.10	48.50	67	58	25.50	35.50	12	7.20	60.83	2	1	17.60	41.08	48	30.83	21	53.60	31.50	77.60	40.10
pi-Cbl	chr9	44142979	44233996	-	91018	531.67	124	543.50	1290.20	405	921.35	1178	669	556.10	595	122	122.33	272.73	227.50	468.50	1021.20	742.73	760.23	649.57	722.20	1609.57	272	1369.83	496.65
pi-Cbx5	chr15	103191553	103240756	-	49204	70.80	73	195.70	139.87	132.25	158.25	315	108	92.28	136.00	49.50	60	60.20	61	122.20	82.67	77.40	138.50	108.70	67.40	172.90	27	174.90	108
pi-Ccdc117	chr11	5528890	5542201	-	13312	63	11	69	143	42	100	162	79	44	27	8	9	59	32	51	114	116	103	107	106	204	65	145	47
pi-Ccrn4l	chr3	51224933	51251625	+	26693	0	4	0	2.20	21	10	0	2.80	0	3	2	4	15	0	0	0	4.20	34	0	6	1.33	0	15	7
pi-Cdc42ep3	chr17	79333729	79354890	-	21162	66	18	104	95	69	125.50	81	50	66	87	26	1	40	19	85	139	97.50	136	83	86	185	5	164	69
pi-Cmtm4	chr8	104348211	104395808	-	47598	13	15	19	20	41	29	28	31.20	12	38.20	20.40	12.20	26	9	20	28	20	8	36	14	16	45	70	23
pi-Cramp1l	chr17	24961292	25015587	-	54296	15	8	23	20.25	30	33.50	5	20	23.50	20	11	42	39.60	6	23	11.40	14.20	49	67	30	27.67	1	70	16.40
pi-Crkl	chr16	17451967	17487432	+	35466	28	19	43	30.20	11	22.90	29	11	18.40	40	8	5	18	28	36	46	26	53	17	48.33	35	7	66	33
pi-Ctdsp2	chr10	126978698	126999960	+	21263	20772.00	5168.00	42983.17	22987.67	20050.00	61969.83	13370.83	17530.83	20358.00	15430.83	2880.33	2010.17	6473.33	2855.83	21633.17	27227.33	27799.00	23417.83	21951.00	24284.00	43418.83	34503.50	75534.83	39545.00
pi-D10Wsu102e	chr10	83360241	83488082	+	127842	13.60	1.58	5.80	27.30	9.80	28.83	42	36.93	7.93	20.10	3.67	11.40	20.10	4.10	0	22.80	13.05	1.40	25.40	14.07	13.83	0	53.47	6.60
pi-D730040F13Rik	chr4	56867026	56947483	-	80458	670.07	121.62	810.43	390.62	232.13	338.02	210.00	140.17	171.07	302.33	75.30	148.23	153.02	67.60	282.25	170.67	221.15	557.60	186.82	395.07	511.53	126.07	424.48	181.30
pi-Dcaf7	chr11	106036879	106059322	+	22444	21	13	50	41.50	40	69.90	17	53	46	76	23	12	55	14	75	59	56	62	46	66	84.50	26	88	24
pi-Ddx19b	chr8	111003187	111031723	-	28537	53.00	20	86.50	193.92	108	163.33	116	123.83	86.37	149	24	20	47	20.17	158.50	140.33	168.20	91.33	156.58	217.50	293.57	55.50	227.92	140
pi-Dnmt3a	chr12	3806980	3914443	+	107464	15	12	60.60	34.50	40	60.70	11	66	31.20	62.50	17	38	52	53	76	5	31.20	53	43.15	37	34	27	95.50	27
pi-Eif2c2	chr15	73095849	73185186	-	89338	324.33	80.33	421.43	705.33	282	519.08	369	399.50	390.92	425.33	91	184	201.37	140	376	570.00	558.83	563.33	477.87	549.18	854.75	288	938.17	362.33
pi-Eif4ebp2	chr10	61428492	61452798	-	24307	116.50	36	240	236.50	55	193.50	185	185.50	139.83	114.50	25	58	61.50	65	168	180.50	206.50	165	195	186.50	314.90	87	438.50	183.50
pi-Elk4	chr1	132007618	132031584	+	23967	58	40.80	34	35	89.25	70	0	50	43.50	72	23	80	62.50	39	0	42.80	38	70	43.53	25	53.50	21	130.20	43.60
pi-Exoc8	chr8	124890300	124897776	-	7477	19	4	14	44.25	17.50	40	0	32	28	39	8	9	18	0	31	41	32	10	36	20	60	0	76.15	20
pi-Exog	chr9	119444965	119465504	+	20540	2	1	0	4	2	5	0	0	3	5	4	15	7	9	0	1	3	5	6	0	5	0	11	1
pi-Eya3	chr4	132639088	132724761	+	85674	10.20	15.50	22	14.20	16	22.10	1	17.20	12.33	30	12	24	23.40	33	24	1	23	26	31	26	35	13	42	3
pi-Fam168b	chr1	34813227	34843022	-	29796	27	36.20	127	27	48.20	41	0	15	29	39	16	20	44	53	13	6	30	53	42	53	59.70	39	98.20	35
pi-Fam53b	chr7	132712088	132852628	-	140541	49.20	14.40	84.50	81.50	86	92.50	119	89	39	45.50	30	28	36.50	5	60	76	69.70	91	57.33	38	125.43	4.60	142.70	53
pi-Fbxl18	chr5	142866946	142895212	-	28267	21	3	4	4	0	6	0	8	10	2	2	15.20	6.50	22	0	12	3	0	3	0	11	0	15	10
pi-Fbxo41	chr6	85469578	85502886	-	33309	0	0	0	0	0	0	0	0	0	0	2	0	0	0	0	0	0	0	0	0	0.20	0	0	0
pi-Foxo3	chr10	42181846	42276755	-	94910	49	40	77.50	42	55	61.50	0	61	42.50	43	14	64	90.45	32	60	16	49.40	81	41.70	20	53.20	36	142	66
pi-Fth1	chr19	9982704	9985092	+	2389	82.53	107	160.67	78.00	117	187.33	61	148	157.50	182.33	140.83	112.50	164.50	87.50	189	44.17	119.58	179.67	91.33	132	94.17	43	203.33	139.50
pi-Gabpb2	chr3	95181762	95217980	-	36219	18.50	15	11	21	10	42.20	33	5	17	23	20.20	0	32.40	9	52	8	36	77	21	48	33.80	16.67	49.57	47
pi-Gan	chr8	117158265	117215995	+	57731	126	34	218	245	61	244.40	309	134.50	140.50	137.75	20	7	73	77	71	211.33	190.33	165	138.70	194	340.40	76.53	335.78	160
pi-Gm5878	chr6	85111416	85126094	-	14679	1060.50	206	1022.90	2185.70	645	1765.20	2445.50	1279.50	1155.10	1348.50	229	156.50	602.90	429.50	1168	2004.50	1665	2207.50	1296.50	1818.90	2878	689	2844.50	1413
pi-Gtf3c4	chr2	28822302	28840341	-	18040	20	2	29	21.50	15	34	0	28	12	26	9	11	19	28	76	37	24.50	13	26.50	9	47	0	70	24.20
pi-Hic2	chr16	17233587	17263430	+	29844	19.50	5.20	38	27	1	15	23	3	7	20.50	7	8	10	0	50	22.50	18.20	31	11	22	29	0	45.07	15
pi-Hif1an	chr19	44562848	44576272	+	13425	13	5	13	14	1	20	0	16	4	6	3	17	15	21	0	31	6.50	2	14	35	8	0	19	4
pi-Hinfp	chr9	44292439	44305634	-	13196	5	2	0	5	11.25	8	0	0	11	0.40	6	0	2	2	0	0	9	0	1	7	9	0	14	10
pi-Hist1h1a	chr13	23763668	23764414	+	747	0	1	1	2	5	3	0	0	1	0	3	0	0	0	0	1.00	2	0	0	0	2	0	4	0
pi-Hjurp	chr1	88258856	88277518	-	18663	75	36	70	55.50	19	53	0	41	45	89	14	103	53	29.50	20	13	23	69.50	26	30	70	7	88	51
pi-Hmbox1	chr14	64811602	64949862	-	138261	32.20	51.03	87.80	51.50	27.50	79.20	0	51.20	40.20	83.20	20	56	72.40	32	97	41	42.10	26.80	63	82.20	59	34.67	135.80	49.73
pi-Igf2bp1	chr11	95957166	96007888	-	50723	3	0	0.78	0.45	1.10	1.40	0	0.53	0.25	0	0	0.20	0.20	1	0	2.63	0.40	11.13	0.20	12.40	1.55	3.20	1.40	0.60
pi-Igsf9b	chr9	27299245	27357729	+	58485	2	0	12	8	4	11	0	6	6	10	1	1	7	0	0	4	7	0	6	16	14	0	10	1
pi-Il17rd	chr14	27039033	27107286	+	68254	1	0	26	6	4	8.50	0	18	3.40	14	6	0	8	0	0	14.20	5	11	17.33	0	1.25	8	11.40	8
pi-Ing5	chr1	93803500	93822102	+	18603	2	3	27	14	23.20	13.85	1	11	13.73	7.20	1	6	2	0	0	10	14	14	7.67	12	20	6	7	21
pi-Ip6k	chr9	107995743	108048780	+	53038	44	26	55	50.40	49	72.20	111	64.40	45	77.00	20	35.25	59.20	30	47	61.20	48	66	40	21	57.20	13.40	82.80	35
pi-Ipmk	chr10	71344913	71385881	+	40969	42	11	40.50	59.00	27	49.40	45	32.20	37.70	23	16	19	36	1	36	40.50	52.50	60	45	78.50	86	40	73.50	26
pi-Kcng3	chr17	83574024	83632446	-	58423	0	4.20	19.00	2	11.60	7.20	32	0	9	2	0	0.40	16.40	12	0	6	4.40	3.50	2.20	8	4	0	31.20	4
pi-Kctd7	chr5	130144922	130155114	+	10193	93.50	20.50	78	193.50	105.50	160	258	93	105	77.20	35	24	63	29	159	167	150.50	129	113.50	127	252.50	61.50	232.50	116
pi-Klf13	chr7	63886351	63938875	-	52525	24	20.50	46	19	44	51	0	32.40	23	36.67	18	27	43.33	1	35	21.50	38.83	50	30.33	69.70	21.40	19	57.60	34.50
pi-Klhl11	chr11	100457125	100472782	-	15658	56.60	23	131.50	131.50	71.80	131.87	149	82	74	141	16	28	66.67	11.20	58	123	134.67	210.60	155	76.90	217.00	28	298.20	165
pi-Lpp	chr16	24393446	24992575	+	599130	710.12	249.65	872.87	501.63	573.00	1068.07	430.50	563.28	367.10	647.83	179.58	277.00	310.90	150.20	564.40	436.30	506.05	577.47	579.07	669.00	734.18	790.00	1463.95	1078.82
pi-Lsmd1	chr11	69395817	69396674	+	858	5	2	0	1	12	4	0	4	6	2	0	0	8	13	0	2	2	12	2	0	8	14	6	0
pi-Luzp1	chr4	136469764	136554782	+	85019	1075.44	442.30	1066.47	630.21	1010.85	798.39	728.09	795.29	515.40	1960.65	248.27	438.45	882.21	322.20	1820.66	336.33	769.91	2091.54	460.26	540.99	620.31	244.56	894.72	409.43
pi-Mafg	chr11	120625128	120633954	-	8827	4	0	7	0	14	13.33	0	9	4	19	1	12	17	1	1	11	2.33	0	7	0	7	0	25.00	5
pi-Map3k9	chr12	81714960	81781170	-	66211	3	5	8	3	4	12.03	0	0.80	1	26	0	2	7	0	0	0	3	0	4	2	9	0	3	1
pi-March08	chr6	116338022	116409533	+	71512	40.07	63.77	61.43	24.80	33.73	53.08	76.20	31.67	48.52	105.53	36.60	47.83	56.67	35.00	15	7.67	35.20	28.00	46.83	41.27	45.43	6.67	121.23	25.77
pi-Mcart1	chr4	45395925	45408922	-	12998	22	4	9	13.50	15.50	23.75	0	17	12	5	12.50	7	20.50	3.50	0	6.50	17	28	9	12	44	9	41	14.50
pi-Mgll	chr6	88724470	88828357	+	103888	81	29	91.50	90	69	95.70	0	53	54	99	44	54	61	32	63	47	74.33	60	88	62	142	44	224	75
pi-Mlc1	chr15	88955891	88982677	-	26787	84.67	29.50	97	172.17	23	135.87	196	45	53	57.40	8	2	31.50	23	0	134.33	129	46	67	96.25	192.45	10	206.58	25.33
pi-Mlec	chr5	115142982	115158216	-	15235	35.33	48.25	135	61	28	85	71	61	44	53	28	73	80	35	75	44	64	57	63	50	94.50	51	163.50	38
pi-Mllt6	chr11	97663217	97685443	+	22227	9	13	42	15	41	35	0	19	15	28	7	0	34	5	0	11	14	3	30	1	8	16	45.40	8
pi-Mrs2	chr13	24987484	25020304	-	32821	30.40	22.40	39.60	79.40	30.20	57.90	171.20	75.70	40.80	52.75	17.20	8.20	31.40	22	39.60	93.40	56.20	91.00	84.40	48.80	88.70	65.40	130.10	63.20
pi-Ndst1	chr18	60684495	60748654	-	64160	3	6	19	8	12	26.25	0	21	12	41	23	16	1	8	4	4.20	18	22	19	14	6	0	76.50	20
pi-Nr2c2	chr6	92091402	92173057	+	81656	134.40	32	128	242.50	126.60	157.67	621.67	168.50	131.70	174.87	69	74.50	125.33	73	54	238	198	192	194	170.00	342.60	101	335.70	132
pi-Nsd1	chr13	55212057	55318324	+	106268	32	35.40	129	74.10	92.20	103.32	117	93.77	55.60	139.10	28	159.60	124.20	32	111	61.20	67.60	107	64.60	31.40	62.03	24	220.10	76.95
pi-Phf20	chr2	156196658	156309951	+	113294	9.00	27.20	21.80	34.07	9.90	36.33	1.40	11.40	15.13	68.53	9.40	41.70	30.73	2.20	42.20	7	21.63	18.50	23.20	43.85	3.30	2.90	53.47	37.40
pi-Pou6f1	chr15	100575319	100580234	-	4916	35	18	44	91	30	77	244	46	54	65	13	1	25	4	49	80	89	119	63	80	94	25	134	29
pi-Ppm1f	chr16	16896457	16927358	+	30902	3	10	0	15.20	10	15.70	0	7	4	13	6	0	4	1	49	20	8	3	4	7	11	0	13	7
pi-Ppp1r12b	chr1	134754665	134955950	-	201286	16	39	47	31.83	26.67	82	32	53.03	31.65	127.50	47	82	65	19	24	42	46.95	127.50	41.60	64.00	41.80	55	107.85	43.50
pi-Ppp1r15b	chr1	133131138	133139782	+	8645	9	14.25	48	18.20	21	20.50	0	7	12	25	13	4	5	19	92	17	22	60	21	11.00	23	0	40	4
pi-Rab11fip4	chr11	79591212	79698022	+	106811	36	16	24	31.75	43	37	3	20	27	45	19	26.50	38	11	0	23	44	21	47	37	47.20	28.50	145	53
pi-Rad54l2	chr9	106688082	106789172	-	101091	10.33	20.40	23.00	17.73	43	25.50	9	15	21.87	54.20	8	43	44.33	0.20	39	11	20.37	37	19.20	4.60	22.90	0	73.45	21
pi-Rc3h1	chr1	160906384	160974973	+	68590	58	18.20	64	58.70	30	99.20	299	36.93	51.20	82.20	22.20	25.80	47.20	69	83	115.40	68.00	207.40	72.70	107.50	101.25	32	104.20	69.40
pi-Rcan3	chr4	135412308	135433791	-	21484	64	17	175	71	53	169	15	27	34	68	12	21	13.20	10	36	50	48	54	52	54	95	27	188	80
pi-Rnf169	chr7	99920257	99980458	-	60202	26	22	54	45.75	21	60.87	3	31.67	32	77.83	15	29.50	32	1	62	36	49.00	30	61.83	21	44	19	49.75	44
pi-Rplp1	chr9	61913286	61914541	-	1256	30.13	31.60	40.87	13.53	38.02	17.53	30	29.80	18.27	51.07	16.53	20.67	23.77	12.77	4.67	11	16.40	37.20	25.70	47.07	35.13	2.30	72.47	11.43
pi-Shank3	chr15	89499857	89560260	+	60404	1	7	0	4	1	9	42	21	6	34	8	10	13	0	0	0	6	5	4.20	4	3	5	10	8
pi-Slc43a2	chr11	75531717	75577567	+	45851	28	16	16	40.50	43.50	50.50	162	65	24.40	48	11	13	21	25	57	30	43.25	58	63.45	63	64.33	35	86.67	27
pi-Smcr8	chr11	60777538	60788285	+	10748	10	18	5	12	12	22.67	0	3	21	9	1	6	16	10	8	19	21	2	2	11	8	9	31	24
pi-Snx30	chr4	59805650	59904740	+	99091	19	28	52.00	29.25	36	50.50	91	26.50	18.50	29	4	32	44.50	15	0	7	20.20	17	26	7	25.33	0	57.90	10.50
pi-Socs7	chr11	97362328	97398541	+	36214	18	14	74	25	4	28	0	32.40	14	2	13	27	10	0	72	15	25	38	18	13	16	5	49.70	11
pi-Ssh1	chr5	113937100	113993758	-	56659	5	8.50	45	15.75	3	12	8	21.33	14	18	19	22	7	27	0	3	8.25	39	17	7	34	5	45	18
pi-Strbp	chr2	37569877	37703370	-	133494	73	37.60	32.80	145.90	54.80	125.50	156.33	102.90	98.90	104.20	33	112	85.50	26.40	54.20	111.00	104.33	118.13	119.40	116	201.40	95	250.25	94
pi-Tacc1	chr8	25154553	25203880	-	49328	76	35.33	103	109.80	113	115.70	118	113	68.50	105.70	48	21	99.50	30.50	106.60	89.60	113.33	114	100.70	82	143	66	218	100
pi-Tbl2	chr5	135149165	135163872	+	14708	488	65	418	824	243.67	573.20	1321	501	347.60	352.20	63	64	229	253	428.90	783	604.20	692	451.50	651	1009.67	288	983.67	412.40
pi-Tef	chr15	81802718	81826859	+	24142	6	16	60	20	20	45	132	38	15	44	9	51	29.20	18	9.80	15	23	27	22.50	41	28	6	38.95	33.20
pi-Tet3	chr6	83362374	83455516	-	93143	25	36	31	38	78	68.33	0	74.50	44	45	19	100.50	128	32	104	35	36	55	75	10.80	52.17	48	124.50	30
pi-Tfcp2l1	chr1	118627945	118685162	+	57218	14	6	34	26	15	13.50	0	14	17	33.20	1.50	28.00	36	2	0	12	15.25	18.80	45.20	5	51	5.20	43.90	18.20
pi-Tktl2	chr8	66511738	66519199	+	7462	22	3	0	31	2	24	0	20	20	5	2	0	6	0	20	26	27	0	34	43	49	0	50	7
pi-Tmem194	chr10	127667200	127701048	+	33849	527.50	81	559	1134.50	386.00	842.20	1493	596.60	543.70	448	137	68	253	181	421	936	830.70	785	755.00	757	1525.50	371	1504	550
pi-Trim71	chr9	114507222	114564369	-	57148	0	0	0	1	0	0.20	0	0	0.50	0	1	0	0	0	0	0	0.25	0	0	0	0.40	0	0	1.60
pi-Uhmk1	chr1	170193431	170215410	-	21980	34	10.50	27	39	36.50	37	79	19	22	22	13	0	29	12	4	25	31	38	42	34	51.25	26	47.20	44
pi-Uhrf1bp1	chr17	27856507	27900040	+	43534	9.50	10	22	5.50	0	4	29	10	7	8	18	13	4	0	0	2	1	0	7	12	9	1	22.20	1
pi-Wdfy3	chr5	101832960	102069932	-	236973	220	78	297.20	445.20	163.20	433	485	289.20	263.40	281.60	93.50	117	162	82	281	412.50	356.25	456.50	355	305	606	141.50	806.93	293.40
pi-Wipf2	chr11	98863633	98905578	+	41946	5.20	10	36	5	4	10.65	0	11	7	9	2	26	8.40	0	0	2	12	0	19	18	13.20	0.67	26	5
pi-Zbtb37	chr1	161002922	161034827	-	31906	33	14	46	61	29	70	0	33	37	71	15	35	22.40	46	53	56	51	28	49	85	72.53	69	74.20	49
pi-Zbtb49	chr5	38200252	38220389	-	20138	3	1	0	3	11	7	0	6	3	4	2	0	15.20	0	0	0	10	8	1	8	16	0	13	8
pi-Zdhhc23	chr16	43964766	43979755	-	14990	5	1	36	25.33	0	19	0	25	5	7	2	0	3	0	34	12	13	9	7	6	16	3	29	7
pi-Zfp280b	chr10	76032656	76042969	+	10314	15.00	6.17	14	42.83	4.67	28.33	55	25.83	18.33	18.00	0	0	18.50	5	0	29.17	28.58	22.37	24.17	35.50	41.50	0	33.30	29.67
pi-Zfp346	chr13	55105322	55135057	+	29736	8	5	6	33	6	13	28	15.40	16	7	20	1	13	0	63	13.20	12	0.20	18.20	17	33.20	0	28.40	18.60
pi-Zfp382	chr7	30121924	30140747	+	18824	220.70	51	362	592.53	207	416.50	917	339.25	274.83	293.33	67.20	32	124	88.10	249	447.50	461.10	317.50	355.90	309.50	806.80	208.50	743.80	347.50
pi-Zfp652	chr11	95712632	95772350	+	59719	118.40	43	105	232.90	110	200.60	348	113.40	128.45	148.50	45	9.20	94.20	41	95	213	142	115	150.33	137	258.90	45	344.53	192.20
pi-Zfp866	chr8	69761326	69774895	-	13570	2	0.25	19	1	0	11.90	0	3	8	4	1	0	4.50	0	0	6	7	34	12	4	6.50	15	25	3
pi-Zmat3	chr3	32334794	32365665	-	30872	39	5	39.20	78.00	23	69.90	119	26	44.40	57	9	5	30	17	76	56	58	58	55	34.60	135.20	11	105	64.20
pi-Zyg11a	chr4	108175242	108217922	-	42681	18.45	1	0	10	15	6.40	0.67	0	1	9	2	9	8	8	35	0.20	6.50	2	13	3	4.20	0	32.50	0
pi-Zyg11b	chr4	108227755	108301090	-	73336	32	32.20	26.40	27.58	41	57.08	65	39	25.70	50.20	21.50	53	33.50	33	23	23	30.50	11	19	28.60	38	9	71.50	25.80
