"Annotation" "Reads.1" "Reads.2" "Reads.3" "Reads.4" "Reads.5" "Reads.6" "Reads.7" "Reads.8" "Reads.9" "Reads.10" "Reads.11" "Reads.12" "Reads.13" "Reads.14" "Reads.15" "Reads.16" "Reads.17" "Reads.18" "Reads.19" "Reads.20" "Reads.21" "Reads.22" "Reads.23" "Reads.24"
"1" "mature-mt_tRNA-Ala-TGC" 141 52 138 63 67 188 NA 17 67 173 8 44 77 42 104 86 122 566 163 194 796 305 519 93
"2" "mature-mt_tRNA-Ala-TGC_3_end" NA NA NA NA NA 4 NA NA NA 1 NA NA NA NA NA NA 2 NA NA NA 1 5 2 9
"3" "mature-mt_tRNA-Ala-TGC_5_end" NA 4 43 50 4 39 76 8 12 32 NA NA 15 3 118 NA 2 51 20 NA 67 26 36 1
"4" "mature-mt_tRNA-Ala-TGC_CCA_end" 21 2 52 17 12 55 NA 6 7 43 NA NA 6 NA 27 1 23 37 44 11 85 66 80 35
"5" "mature-mt_tRNA-Arg-TCG" 266 55 165 116 69 229 52 35 36 127 18 32 54 26 45 49 79 256 223 137 868 305 498 197
"6" "mature-mt_tRNA-Arg-TCG_3_end" NA NA NA NA NA 1 NA NA NA NA NA NA NA NA NA NA 1 NA 4 NA 6 NA NA NA
"7" "mature-mt_tRNA-Arg-TCG_5_end" NA NA 7 14 NA 3 2 NA 2 8 NA NA 6 NA 16 NA 1 61 NA NA 34 10 NA 5
"8" "mature-mt_tRNA-Arg-TCG_CCA_end" 82 5 36 22 12 67 NA 1 11 115 NA 1 18 11 47 20 54 256 184 81 448 70 262 86
"9" "mature-mt_tRNA-Asn-GTT" 396 78 230 340 226 548 348 152 140 257 40 168 232 90 158 96 290 697 725 393 1762 674 1789 429
"10" "mature-mt_tRNA-Asn-GTT_3_end" NA NA NA 1 NA 10 1 NA 2 4 NA NA 1 NA 13 NA 3 NA NA NA 8 NA 11 NA
"11" "mature-mt_tRNA-Asn-GTT_5_end" 14 3 37 45 3 56 NA 5 18 12 1 1 10 5 42 6 22 33 18 15 72 40 61 12
"12" "mature-mt_tRNA-Asn-GTT_CCA_end" 26 4 48 10 4 74 22 20 11 55 1 3 13 8 71 17 21 32 55 46 279 130 110 57
"13" "mature-mt_tRNA-Asp-GTC" 37 27 1000 150 790 302 302 61 37 58 21 34 91 155 124 98 63 404 55 95 431 594 284 96
"14" "mature-mt_tRNA-Asp-GTC_3_end" NA NA 2 NA NA NA NA NA NA NA NA NA NA NA NA NA NA NA NA NA NA NA NA NA
"15" "mature-mt_tRNA-Asp-GTC_5_end" NA NA 1 1 NA NA NA NA NA NA NA NA NA NA NA NA NA 10 NA NA NA NA NA NA
"16" "mature-mt_tRNA-Asp-GTC_CCA_end" 14 1 66 34 2 91 9 8 21 65 1 4 7 10 20 8 25 142 24 46 117 74 53 44
"17" "mature-mt_tRNA-Cys-GCA" 219 53 154 84 117 324 10 87 44 411 22 108 137 76 247 69 172 416 231 291 1337 501 805 280
"18" "mature-mt_tRNA-Cys-GCA_3_end" 20 3 28 2 2 1 NA NA 3 4 NA NA NA NA NA 1 4 NA 5 14 35 7 9 NA
"19" "mature-mt_tRNA-Cys-GCA_5_end" 414 170 838 356 1146 325 1 658 168 89 196 207 295 698 338 179 53 295 65 265 323 1568 220 259
"20" "mature-mt_tRNA-Cys-GCA_CCA_end" 12 4 45 7 15 64 5 2 12 59 NA NA 1 2 78 11 45 34 32 56 227 67 236 53
"21" "mature-mt_tRNA-Gln-TTG" 201 99 315 256 254 345 197 137 122 184 41 144 200 91 417 252 191 515 333 460 1018 714 827 371
"22" "mature-mt_tRNA-Gln-TTG_3_end" NA NA NA NA NA 3 NA NA 1 NA NA NA 2 4 NA 6 NA 6 1 NA 13 7 4 2
"23" "mature-mt_tRNA-Gln-TTG_5_end" 405 69 1373 1630 307 1214 284 516 444 297 69 198 489 164 667 261 285 959 344 664 3699 1025 1240 458
"24" "mature-mt_tRNA-Gln-TTG_CCA_end" 21 1 44 8 9 61 NA 9 12 22 4 3 19 6 26 19 24 71 88 26 125 80 155 72
"25" "mature-mt_tRNA-Glu-TTC" 886 674 645 231 671 613 87 88 205 412 64 318 534 118 365 189 410 985 1165 740 2196 1549 2389 1419
"26" "mature-mt_tRNA-Glu-TTC_3_end" 35 19 43 8 52 39 NA 1 11 47 3 13 31 9 17 3 24 18 70 22 130 155 188 139
"27" "mature-mt_tRNA-Glu-TTC_5_end" 8 NA 9 22 5 18 NA NA 1 7 NA 3 1 NA NA 1 11 6 3 NA 37 NA 28 7
"28" "mature-mt_tRNA-Glu-TTC_CCA_end" 799 200 493 105 203 151 331 83 58 96 21 80 88 67 311 104 163 373 730 695 1368 792 451 1566
"29" "mature-mt_tRNA-Gly-TCC" 171 103 153 218 104 459 135 33 124 278 56 110 142 64 419 245 299 576 638 295 943 676 1099 457
"30" "mature-mt_tRNA-Gly-TCC_3_end" 3 8 26 3 11 11 NA 1 1 5 NA 1 2 NA NA NA 10 6 4 9 38 12 28 4
"31" "mature-mt_tRNA-Gly-TCC_5_end" 6 NA 13 16 2 3 NA 2 3 NA 2 NA 8 NA NA NA 4 NA 9 8 14 1 7 3
"32" "mature-mt_tRNA-Gly-TCC_CCA_end" 29 8 97 31 5 172 35 26 20 58 3 NA 11 5 NA 20 41 54 52 83 232 112 236 44
"33" "mature-mt_tRNA-His-GTG" 2430 1438 2273 3340 919 2272 3331 1531 1121 3747 641 794 1948 954 6981 1408 3820 10900 5335 3013 10726 2412 4803 3478
"34" "mature-mt_tRNA-His-GTG_3_end" 1 14 12 12 1 11 NA 7 7 2 6 NA 4 1 32 2 25 41 44 5 30 17 14 26
"35" "mature-mt_tRNA-His-GTG_5_end" 11 NA 14 18 NA 3 1 6 4 9 1 NA 1 NA 78 NA 3 143 10 18 30 1 10 10
"36" "mature-mt_tRNA-His-GTG_CCA_end" 43 10 136 93 6 83 312 27 31 201 21 4 67 21 521 68 367 640 310 191 322 175 329 262
"37" "mature-mt_tRNA-Ile-GAT" 82 55 260 236 112 253 82 44 60 168 29 27 99 15 168 76 177 550 352 293 819 388 704 196
"38" "mature-mt_tRNA-Ile-GAT_3_end" NA NA NA 1 1 4 NA 1 1 NA NA 2 1 NA NA 4 2 NA 14 1 1 NA 21 4
"39" "mature-mt_tRNA-Ile-GAT_5_end" 9 12 93 68 71 63 78 11 6 34 4 7 22 10 38 14 43 110 73 73 174 70 126 15
"40" "mature-mt_tRNA-Ile-GAT_CCA_end" 6 NA 32 6 5 33 NA 5 3 20 6 NA NA NA NA 8 6 11 7 NA 39 18 29 28
"41" "mature-mt_tRNA-Leu-TAA" 257 42 180 148 113 269 37 37 78 130 39 25 91 37 183 123 161 276 333 309 674 450 1007 303
"42" "mature-mt_tRNA-Leu-TAA_3_end" 1 1 24 NA 3 11 NA 4 4 8 NA NA 6 NA NA NA 8 NA 15 14 14 1 39 11
"43" "mature-mt_tRNA-Leu-TAA_5_end" 251 49 746 432 445 785 774 143 291 90 188 81 155 136 354 314 270 468 299 431 1598 1299 2732 1022
"44" "mature-mt_tRNA-Leu-TAA_CCA_end" 15 3 28 10 5 25 NA 4 8 10 1 3 4 NA NA 3 7 21 19 12 75 11 41 46
"45" "mature-mt_tRNA-Leu-TAG" 205 51 96 84 77 507 19 43 89 203 17 34 71 42 201 62 145 422 282 380 1402 940 1099 177
"46" "mature-mt_tRNA-Leu-TAG_3_end" NA NA NA 1 NA 5 NA NA NA 2 NA NA 1 NA NA NA NA 24 1 NA 2 4 2 4
"47" "mature-mt_tRNA-Leu-TAG_5_end" NA NA 6 7 5 9 NA 3 1 1 1 NA 3 NA 37 1 2 11 NA 7 28 14 5 NA
"48" "mature-mt_tRNA-Leu-TAG_CCA_end" 91 8 45 19 25 30 NA 14 12 84 3 12 7 16 105 14 8 260 7 47 127 73 110 34
"49" "mature-mt_tRNA-Lys-TTT" 57 31 110 99 75 134 29 40 41 60 7 18 60 29 75 46 95 360 161 110 410 238 351 66
"50" "mature-mt_tRNA-Lys-TTT_3_end" 2 1 2 2 2 NA NA NA NA 5 NA NA 2 NA NA NA 1 NA 1 NA 3 NA 3 NA
"51" "mature-mt_tRNA-Lys-TTT_5_end" 99 39 677 917 143 451 472 223 276 247 72 52 232 21 214 62 170 663 333 132 1118 356 674 48
"52" "mature-mt_tRNA-Lys-TTT_CCA_end" 53 7 132 51 42 126 42 37 34 108 12 19 35 14 42 13 88 100 189 65 353 140 416 95
"53" "mature-mt_tRNA-Met-CAT" 787 430 1885 654 1098 1367 377 344 348 474 203 158 421 453 1296 405 396 1179 719 787 1601 1554 1972 980
"54" "mature-mt_tRNA-Met-CAT_3_end" 5 NA 4 1 5 12 NA 1 7 2 NA 4 2 NA NA 6 10 NA 28 37 39 16 71 51
"55" "mature-mt_tRNA-Met-CAT_5_end" 1577 2166 2948 1020 5346 1716 666 938 752 293 712 458 768 1347 603 215 270 803 586 236 498 1962 866 830
"56" "mature-mt_tRNA-Met-CAT_CCA_end" 40 4 96 17 6 119 NA 15 11 68 6 3 15 5 31 37 42 12 82 37 156 211 155 97
"57" "mature-mt_tRNA-Phe-GAA" 68 43 91 56 46 280 6 24 32 170 9 4 17 7 48 34 68 159 105 152 325 326 272 51
"58" "mature-mt_tRNA-Phe-GAA_3_end" 3 1 NA 4 NA 11 10 NA NA 9 NA NA 1 NA 8 NA 2 9 7 6 16 8 12 2
"59" "mature-mt_tRNA-Phe-GAA_5_end" NA NA NA NA NA 4 NA NA NA 1 NA NA 1 NA NA NA NA 4 NA NA NA NA 1 NA
"60" "mature-mt_tRNA-Phe-GAA_CCA_end" 75 9 91 22 41 108 1 12 26 141 5 12 20 21 104 12 66 267 154 96 258 297 254 351
"61" "mature-mt_tRNA-Pro-TGG" 114 125 260 108 67 313 22 80 46 84 45 55 104 31 156 90 101 162 227 104 305 143 362 229
"62" "mature-mt_tRNA-Pro-TGG_3_end" NA 1 NA 1 NA 6 NA 9 2 NA NA NA 4 NA NA NA 1 NA 3 NA NA NA 11 11
"63" "mature-mt_tRNA-Pro-TGG_5_end" 13 3 1 5 12 8 19 9 5 2 8 4 1 2 NA 6 12 29 27 43 53 28 28 24
"64" "mature-mt_tRNA-Pro-TGG_CCA_end" 87 32 209 24 41 164 20 66 22 62 4 6 27 7 29 50 67 34 137 142 360 166 280 91
"65" "mature-mt_tRNA-Ser-GCT" 696 142 614 418 239 763 438 167 175 585 47 122 216 108 632 339 570 1621 1355 949 6282 2133 3200 1114
"66" "mature-mt_tRNA-Ser-GCT_3_end" 6 NA 11 2 7 9 NA NA 3 1 2 2 4 4 4 NA 10 19 13 1 21 34 18 NA
"67" "mature-mt_tRNA-Ser-GCT_5_end" 4690 736 4015 4185 1908 4587 3386 978 1096 5542 341 839 1769 1512 7739 2720 3504 16381 8579 6332 34880 18766 19528 7491
"68" "mature-mt_tRNA-Ser-GCT_CCA_end" 22 3 20 4 NA 16 NA 1 5 5 2 3 4 1 29 2 9 46 5 19 55 44 19 33
"69" "mature-mt_tRNA-Ser-TGA" 26 19 114 117 24 83 22 18 25 105 15 15 48 12 62 38 52 184 146 54 335 105 234 100
"70" "mature-mt_tRNA-Ser-TGA_3_end" NA NA NA NA NA 2 NA NA NA NA 1 1 1 1 NA NA 2 NA NA NA 1 NA 5 NA
"71" "mature-mt_tRNA-Ser-TGA_5_end" 252 70 563 977 154 530 308 222 191 263 243 66 200 93 353 260 294 924 659 362 1761 664 1096 511
"72" "mature-mt_tRNA-Ser-TGA_CCA_end" 1 NA NA NA NA 9 NA 2 NA 9 NA NA 2 NA NA 4 3 5 16 NA 38 2 9 7
"73" "mature-mt_tRNA-Thr-TGT" 92 155 198 195 120 201 122 67 93 91 34 57 152 35 331 82 119 360 353 114 694 415 473 235
"74" "mature-mt_tRNA-Thr-TGT_3_end" 3 6 3 6 3 11 NA 1 3 4 2 1 5 3 5 1 13 NA 11 1 17 38 25 7
"75" "mature-mt_tRNA-Thr-TGT_5_end" 10 2 212 211 10 72 9 10 30 16 6 6 33 5 87 5 19 129 12 40 259 49 74 1
"76" "mature-mt_tRNA-Thr-TGT_CCA_end" 32 5 120 20 20 102 1 9 18 71 1 7 17 17 65 9 56 129 105 61 434 103 347 87
"77" "mature-mt_tRNA-Trp-TCA" 82 63 188 132 119 449 NA 78 110 149 27 32 100 36 133 97 205 440 329 258 642 283 573 208
"78" "mature-mt_tRNA-Trp-TCA_3_end" 6 9 NA 2 8 6 NA 6 3 2 NA 1 3 NA NA NA 3 NA 12 4 8 2 5 8
"79" "mature-mt_tRNA-Trp-TCA_5_end" 2 NA 45 12 NA 29 NA 2 5 8 NA 3 7 5 25 13 22 16 8 23 77 40 40 1
"80" "mature-mt_tRNA-Trp-TCA_CCA_end" 160 17 226 149 70 760 153 97 234 748 9 66 121 94 550 93 335 1284 805 430 2419 962 2481 502
"81" "mature-mt_tRNA-Tyr-GTA" 60 19 51 12 32 113 NA 9 19 42 9 12 27 11 40 13 32 125 60 46 136 62 164 82
"82" "mature-mt_tRNA-Tyr-GTA_3_end" NA 4 NA NA NA 3 NA 4 NA NA NA NA 3 NA NA NA NA NA NA NA 5 NA 2 3
"83" "mature-mt_tRNA-Tyr-GTA_5_end" 11 2 40 91 28 215 NA 11 17 57 4 9 14 5 69 41 54 91 34 58 625 50 420 27
"84" "mature-mt_tRNA-Tyr-GTA_CCA_end" 34 13 48 15 28 63 60 7 14 25 2 11 1 6 NA 15 23 72 54 72 135 161 115 58
"85" "mature-mt_tRNA-Val-TAC" 1005 658 1340 795 626 3432 349 543 684 1331 291 285 609 373 849 670 1536 3138 2363 2385 7063 4328 5321 1331
"86" "mature-mt_tRNA-Val-TAC_3_end" 5 18 30 10 7 99 NA 4 11 35 4 1 10 NA 37 2 21 64 60 37 89 20 236 37
"87" "mature-mt_tRNA-Val-TAC_5_end" 4 1 67 53 5 27 41 7 8 27 NA NA 12 NA 28 11 20 27 11 19 120 9 32 13
"88" "mature-mt_tRNA-Val-TAC_CCA_end" 292 40 789 272 152 2270 212 142 339 1410 55 49 122 74 799 194 614 1424 765 825 2748 918 3585 273
"89" "mature-tRNA-Ala-AGC" 240 158 479 318 235 948 171 163 344 182 107 18 99 44 234 305 549 490 634 377 528 267 1073 502
"90" "mature-tRNA-Ala-AGC_3_end" 8 4 18 3 1 39 NA 5 15 6 3 1 2 2 NA 3 11 12 16 11 16 18 57 27
"91" "mature-tRNA-Ala-AGC_5_end" 1444 347 2120 4139 1271 2477 678 332 1342 531 134 202 402 210 2137 4697 4600 4252 6418 4217 6427 2017 5735 2336
"92" "mature-tRNA-Ala-AGC_CCA_end" 93 31 388 156 101 374 23 91 150 136 28 20 60 8 268 214 284 218 245 204 241 107 871 533
"93" "mature-tRNA-Ala-CGC" 277 254 724 288 418 1433 149 219 458 336 121 50 163 41 489 254 716 670 574 565 632 337 1217 634
"94" "mature-tRNA-Ala-CGC_3_end" 25 27 61 15 21 110 NA 20 29 21 5 6 10 2 14 10 29 19 31 35 37 30 126 22
"95" "mature-tRNA-Ala-CGC_5_end" 547 143 629 1641 717 924 362 159 546 184 79 132 164 104 735 2073 1534 1545 1175 1392 2241 742 2284 988
"96" "mature-tRNA-Ala-CGC_CCA_end" 156 25 575 202 65 742 26 165 183 163 55 9 64 17 195 287 311 320 288 282 337 190 1046 641
"97" "mature-tRNA-Ala-TGC" 274 253 710 283 307 1561 227 268 389 188 156 30 127 41 343 228 543 512 544 508 521 335 1050 726
"98" "mature-tRNA-Ala-TGC_3_end" 31 31 77 17 22 138 NA 22 37 25 7 6 12 2 14 13 39 26 39 45 48 48 158 30
"99" "mature-tRNA-Ala-TGC_5_end" 541 146 857 1871 517 1180 648 219 621 178 101 95 163 127 809 2244 1778 1706 1354 1479 2545 872 2538 1200
"100" "mature-tRNA-Ala-TGC_CCA_end" 206 32 685 263 87 883 29 207 225 210 68 9 84 22 263 390 417 382 408 352 430 232 1379 869
"101" "mature-tRNA-Arg-ACG" 70 68 288 102 148 209 62 74 118 207 20 13 55 12 191 123 209 162 167 113 164 117 262 108
"102" "mature-tRNA-Arg-ACG_3_end" NA 1 16 1 5 20 NA NA 8 28 NA NA 1 3 8 5 13 NA 11 NA 14 NA 23 1
"103" "mature-tRNA-Arg-ACG_5_end" 70 16 187 318 84 262 NA 26 124 16 19 2 26 5 134 253 194 401 220 127 235 139 946 300
"104" "mature-tRNA-Arg-ACG_CCA_end" 34 12 121 33 19 62 35 29 36 14 6 5 2 1 68 41 92 52 56 42 19 23 55 38
"105" "mature-tRNA-Arg-CCG" 182 72 319 233 470 434 188 74 287 200 27 62 130 41 347 176 428 636 242 343 409 214 511 208
"106" "mature-tRNA-Arg-CCG_3_end" 5 4 NA 0 NA 1 NA NA NA NA NA NA NA NA NA NA 2 NA NA NA NA NA 4 3
"107" "mature-tRNA-Arg-CCG_5_end" 194 27 168 210 245 151 18 29 101 54 5 22 44 23 178 47 139 378 104 138 204 91 513 150
"108" "mature-tRNA-Arg-CCG_CCA_end" 14 5 41 20 11 53 69 8 20 45 14 NA 5 2 49 12 69 31 30 21 33 6 75 38
"109" "mature-tRNA-Arg-CCT" 357 192 397 368 367 895 631 127 520 287 29 46 162 55 361 284 1131 946 650 560 701 581 1490 374
"110" "mature-tRNA-Arg-CCT_3_end" NA 5 3 1 5 5 NA 1 NA NA 1 NA NA 3 NA NA NA NA NA 8 1 NA 3 NA
"111" "mature-tRNA-Arg-CCT_5_end" 98 22 67 143 72 104 88 10 82 17 12 17 17 7 112 67 94 175 90 76 81 26 533 57
"112" "mature-tRNA-Arg-CCT_CCA_end" 42 17 75 107 21 96 12 94 74 49 11 13 23 30 71 43 101 168 80 92 96 41 66 64
"113" "mature-tRNA-Arg-TCG" 34 33 209 123 93 177 143 46 90 95 18 16 41 17 105 75 179 285 97 113 207 167 286 93
"114" "mature-tRNA-Arg-TCG_3_end" 2 NA NA 3 3 2 NA NA 1 3 NA NA NA NA NA NA 4 NA 1 NA NA NA 1 NA
"115" "mature-tRNA-Arg-TCG_5_end" 208 33 426 607 353 305 71 38 274 35 19 23 69 29 215 199 269 483 148 332 478 214 1078 251
"116" "mature-tRNA-Arg-TCG_CCA_end" 23 22 212 63 25 249 73 53 72 69 38 1 17 4 129 64 111 64 111 77 113 37 216 64
"117" "mature-tRNA-Arg-TCT" 60 73 171 127 109 340 38 34 105 98 16 17 66 10 109 90 346 202 121 126 202 98 343 108
"118" "mature-tRNA-Arg-TCT_3_end" NA NA 2 2 5 5 NA NA 1 NA NA NA NA NA NA 1 6 NA 1 NA NA NA 3 NA
"119" "mature-tRNA-Arg-TCT_5_end" 227 52 315 395 449 253 25 77 235 27 17 54 47 42 372 224 212 525 158 365 262 208 919 268
"120" "mature-tRNA-Arg-TCT_CCA_end" 27 4 57 23 28 50 29 15 16 40 5 NA 9 1 NA 13 42 61 19 19 36 46 87 7
"121" "mature-tRNA-Asn-GTT" 251 68 446 378 305 543 308 102 180 130 39 56 112 23 481 214 375 434 212 227 276 324 758 429
"122" "mature-tRNA-Asn-GTT_3_end" 1 8 2 NA 10 6 NA 2 1 NA NA NA NA NA NA NA 6 NA 5 7 6 NA 5 1
"123" "mature-tRNA-Asn-GTT_5_end" 32 13 182 414 99 213 49 32 169 22 16 10 50 8 54 126 194 94 96 107 243 107 862 177
"124" "mature-tRNA-Asn-GTT_CCA_end" 44 39 118 78 26 358 111 57 115 56 30 2 46 1 116 121 185 110 175 74 105 91 319 312
"125" "mature-tRNA-Asp-GTC" 3002 578 4927 2390 2690 3709 1384 1070 2310 2001 420 384 785 294 2055 1347 3204 3012 2495 2710 2800 1920 4372 2196
"126" "mature-tRNA-Asp-GTC_3_end" 83 19 333 70 166 121 NA 55 49 79 28 38 41 1 71 48 113 96 81 107 100 72 162 67
"127" "mature-tRNA-Asp-GTC_5_end" 876 209 4169 5504 1680 5362 1327 647 6637 1245 500 254 767 249 1472 2028 3525 3150 2020 3876 4780 1621 5325 2194
"128" "mature-tRNA-Asp-GTC_CCA_end" 399 33 1487 326 158 1126 164 587 243 1697 69 43 71 88 265 452 415 262 277 270 580 180 495 255
"129" "mature-tRNA-Cys-GCA" 3267 1587 2193 1973 3585 2942 1113 1001 1295 794 621 926 1190 726 2465 2160 3122 2717 2312 1959 2002 2232 3336 2248
"130" "mature-tRNA-Cys-GCA_3_end" 2 13 NA 11 5 6 35 NA 8 4 NA NA 8 1 12 1 22 22 22 1 8 NA 37 7
"131" "mature-tRNA-Cys-GCA_5_end" 4921 2693 3382 2956 6916 5058 1656 1685 4896 1942 938 2578 2196 1301 2328 1805 2404 3315 3162 3287 2308 3782 3484 4320
"132" "mature-tRNA-Cys-GCA_CCA_end" 131 40 273 341 122 545 137 118 346 278 94 7 56 33 206 301 615 697 470 291 526 263 1879 546
"133" "mature-tRNA-Gln-CTG" 1262 627 1127 724 1521 1681 680 334 1243 1016 110 298 399 168 1428 797 2447 2506 1926 1272 1187 1028 3132 1078
"134" "mature-tRNA-Gln-CTG_3_end" 23 43 48 71 30 100 10 11 52 101 3 7 19 4 68 46 211 312 219 123 108 61 212 65
"135" "mature-tRNA-Gln-CTG_5_end" 1615 286 208 568 5820 313 279 178 1118 113 40 1467 398 238 463 235 210 653 253 870 253 1112 450 767
"136" "mature-tRNA-Gln-CTG_CCA_end" 100 60 292 169 58 365 100 169 240 299 29 10 54 41 329 363 486 308 490 202 255 179 997 297
"137" "mature-tRNA-Gln-TTG" 424 335 687 478 699 1165 342 124 771 486 58 86 232 76 758 500 1367 1366 1057 668 857 738 2308 678
"138" "mature-tRNA-Gln-TTG_3_end" 7 11 8 15 4 32 0 4 18 24 2 2 8 2 11 10 63 46 80 25 32 1 47 17
"139" "mature-tRNA-Gln-TTG_5_end" 120 21 100 137 167 173 40 44 101 43 17 21 20 17 151 59 74 126 104 66 124 18 104 30
"140" "mature-tRNA-Gln-TTG_CCA_end" 22 21 87 60 18 89 43 37 64 68 9 5 14 8 115 100 112 77 114 63 58 56 229 75
"141" "mature-tRNA-Glu-CTC" 26650 6892 14285 12062 59384 20006 13737 4367 21573 8518 5616 13522 11760 4496 13577 13207 15565 17669 18326 20626 11931 21693 49505 27750
"142" "mature-tRNA-Glu-CTC_3_end" NA NA 1 3 2 0 NA NA NA NA NA NA NA NA 12 NA 0 4 NA 6 NA NA 3 4
"143" "mature-tRNA-Glu-CTC_5_end" 231723 70647 94191 85899 728714 116269 75461 18958 249421 93342 19119 200244 128040 43267 99246 123381 117043 153325 131630 167298 73812 239757 430255 287131
"144" "mature-tRNA-Glu-CTC_CCA_end" 25 2 110 26 4 233 10 30 19 68 5 2 15 8 46 21 158 74 52 34 124 50 105 17
"145" "mature-tRNA-Glu-TTC" 3703 722 3473 2406 2716 3353 1035 1182 1825 1654 382 673 958 403 1969 1522 3238 2696 2212 2518 2658 2454 4876 1501
"146" "mature-tRNA-Glu-TTC_3_end" 56 18 196 41 95 82 65 30 28 64 NA 2 30 6 62 11 58 16 11 76 64 34 58 16
"147" "mature-tRNA-Glu-TTC_5_end" 5446 1215 2220 3564 6110 2899 1252 409 5041 1509 322 1544 1463 541 1423 2114 3614 3155 3210 3782 3069 3707 12176 2352
"148" "mature-tRNA-Glu-TTC_CCA_end" 2245 359 4007 4210 1284 6194 667 1964 2515 1714 167 156 561 197 1858 1907 5365 2045 2502 3303 3698 1665 3929 2371
"149" "mature-tRNA-Gly-ACC" 156 182 320 232 236 606 103 81 259 189 17 43 110 31 180 209 597 362 409 340 603 383 757 180
"150" "mature-tRNA-Gly-ACC_3_end" 4 4 11 12 3 18 NA 4 6 6 0 0 3 1 15 13 28 29 18 14 20 28 18 5
"151" "mature-tRNA-Gly-ACC_5_end" 137 46 342 639 207 660 110 32 407 275 21 24 86 20 154 593 979 823 720 630 1414 325 833 186
"152" "mature-tRNA-Gly-ACC_CCA_end" 105 28 458 417 88 803 211 224 272 188 22 14 90 32 316 249 619 420 314 338 575 369 603 214
"153" "mature-tRNA-Gly-CCC" 6322 1054 2040 2070 4528 3334 1859 830 2229 860 689 1031 2095 395 1999 950 2494 2398 2139 2540 2148 1725 4876 2071
"154" "mature-tRNA-Gly-CCC_3_end" 6 4 20 16 3 58 5 16 39 25 1 NA 3 NA NA 13 27 9 26 13 44 28 30 11
"155" "mature-tRNA-Gly-CCC_5_end" 27058 8239 5616 11591 35877 12577 7275 3272 27722 3675 7632 12679 17025 4705 6859 7123 11430 11958 14201 10390 5236 10956 33761 30929
"156" "mature-tRNA-Gly-CCC_CCA_end" 308 75 950 740 223 1141 216 291 638 308 110 11 157 63 533 485 961 763 626 631 1197 510 1532 891
"157" "mature-tRNA-Gly-GCC" 141080 46940 72939 101926 177606 138745 126736 72869 124192 57838 23197 66263 55182 39341 89475 99343 90959 113330 67015 123036 73295 71312 101928 119864
"158" "mature-tRNA-Gly-GCC_3_end" 0 4 4 3 NA 21 5 2 10 6 0 NA 2 NA NA 6 9 12 5 2 18 2 17 1
"159" "mature-tRNA-Gly-GCC_5_end" 875177 257900 352521 367233 1501176 797109 407536 192114 1187830 487490 108854 627829 431834 163755 415364 508984 396069 598605 429521 659598 294621 636953 846009 841477
"160" "mature-tRNA-Gly-GCC_CCA_end" 169 40 491 354 105 504 108 109 286 127 39 2 80 24 279 216 432 332 257 313 533 152 774 372
"161" "mature-tRNA-Gly-TCC" 1540 489 1614 1433 913 2211 772 318 1163 973 276 207 515 171 1651 1200 1719 1842 1260 1372 1722 1154 2334 901
"162" "mature-tRNA-Gly-TCC_3_end" NA 8 17 17 7 26 3 2 5 4 3 NA 9 3 11 7 20 5 23 5 31 20 34 12
"163" "mature-tRNA-Gly-TCC_5_end" 5614 2769 18667 13278 10256 23537 4960 2213 16436 9084 3533 2837 6249 2608 15310 16881 14005 15465 8553 11965 20103 7553 21936 9642
"164" "mature-tRNA-Gly-TCC_CCA_end" 61 32 218 122 36 297 120 59 89 61 31 5 53 10 176 75 194 156 133 132 186 12 360 269
"165" "mature-tRNA-His-GTG" 2353 887 1668 920 2968 1552 1336 638 902 758 254 545 529 234 1970 693 1650 2397 1055 1311 979 1321 2417 1237
"166" "mature-tRNA-His-GTG_3_end" NA 1 NA NA NA NA NA NA 1 NA NA NA 1 NA 5 NA 3 NA 9 NA 5 NA 8 NA
"167" "mature-tRNA-His-GTG_5_end" 221 23 146 109 306 238 31 47 119 31 23 41 38 32 65 49 53 31 96 143 106 87 145 27
"168" "mature-tRNA-His-GTG_CCA_end" 22 5 120 38 10 115 NA 6 20 48 6 6 26 6 88 23 128 72 82 32 51 103 128 68
"169" "mature-tRNA-Ile-AAT" 320 95 430 405 521 534 350 79 254 199 23 65 109 49 90 201 559 651 403 514 475 320 1225 312
"170" "mature-tRNA-Ile-AAT_3_end" 1 NA NA 5 13 5 NA NA 1 2 2 13 1 NA NA 1 6 NA 6 19 15 NA 16 3
"171" "mature-tRNA-Ile-AAT_5_end" 1032 131 1093 1594 268 1242 1112 350 401 219 119 58 126 118 371 488 1121 1054 1231 1254 1197 717 936 386
"172" "mature-tRNA-Ile-AAT_CCA_end" 288 281 876 971 261 2293 570 725 712 543 194 137 385 187 1041 891 2859 2364 1722 1466 1217 2613 1344 1001
"173" "mature-tRNA-Ile-TAT" 149 107 294 167 209 442 98 60 129 98 24 34 82 17 165 81 324 298 244 228 291 122 696 141
"174" "mature-tRNA-Ile-TAT_3_end" 2 1 2 3 NA 3 NA NA 2 NA NA NA 1 NA NA NA 12 10 4 NA 5 NA 5 1
"175" "mature-tRNA-Ile-TAT_5_end" NA NA NA 48 7 17 67 1 6 3 2 2 1 NA 13 10 6 3 16 NA 16 NA 31 5
"176" "mature-tRNA-Ile-TAT_CCA_end" 49 8 54 41 27 129 21 38 68 29 8 3 30 2 99 77 99 28 73 48 79 8 212 115
"177" "mature-tRNA-iMet-CAT" 1897 1154 2535 2618 2019 2956 1079 629 1173 957 244 239 706 249 2155 6277 5987 3177 3572 2994 3136 2233 4396 3342
"178" "mature-tRNA-iMet-CAT_3_end" 5 4 22 36 19 28 NA 19 17 17 NA 1 5 3 NA 13 21 10 19 13 38 19 19 4
"179" "mature-tRNA-iMet-CAT_5_end" 3258 395 1450 2446 5103 3020 1837 630 3819 587 288 1179 1528 428 877 1148 1450 1329 976 2057 1459 2445 6349 2744
"180" "mature-tRNA-iMet-CAT_CCA_end" 207 85 1062 443 90 1188 91 286 331 367 76 41 115 82 111 314 1007 436 439 703 843 669 667 266
"181" "mature-tRNA-Leu-AAG" 327 162 1441 1125 450 1933 492 286 865 372 133 54 197 56 780 994 1655 1402 1309 897 1381 752 1976 871
"182" "mature-tRNA-Leu-AAG_3_end" 6 8 19 10 22 29 37 5 7 7 2 NA 4 NA 10 6 23 15 17 20 19 13 48 20
"183" "mature-tRNA-Leu-AAG_5_end" 7726 2205 48084 39558 11193 55903 17630 5176 25046 9339 3143 1259 3329 1331 18383 27413 34366 25104 32339 19481 36600 15659 71507 27418
"184" "mature-tRNA-Leu-AAG_CCA_end" 133 47 677 230 153 509 79 112 277 126 46 16 68 20 307 237 420 396 319 425 307 262 979 382
"185" "mature-tRNA-Leu-CAA" 321 227 1236 950 726 1895 457 326 992 519 133 82 258 84 873 1233 2539 1773 1018 1211 1515 1149 2267 1007
"186" "mature-tRNA-Leu-CAA_3_end" 6 8 18 10 10 41 14 6 20 32 1 2 4 0 44 7 41 22 19 20 24 52 52 7
"187" "mature-tRNA-Leu-CAA_5_end" 1216 366 3192 5280 1001 3696 1084 371 2213 1102 174 137 413 239 2624 5093 7151 7233 7215 3959 5687 2659 8270 2928
"188" "mature-tRNA-Leu-CAA_CCA_end" 236 114 1042 459 456 1729 167 428 794 485 69 59 204 49 880 700 856 430 444 880 769 744 2625 530
"189" "mature-tRNA-Leu-CAG" 935 589 2334 1782 1252 2879 785 634 1531 673 238 153 400 115 1230 1863 2557 2570 2356 1924 1762 1707 3097 1964
"190" "mature-tRNA-Leu-CAG_3_end" 12 24 28 14 26 68 14 10 43 52 2 6 10 0 103 23 76 31 48 28 48 96 106 14
"191" "mature-tRNA-Leu-CAG_5_end" 7848 1501 22227 25372 12234 16151 8946 2547 12597 3447 1383 1246 2018 965 9228 23366 25786 25847 25181 17097 18859 10719 30966 13920
"192" "mature-tRNA-Leu-CAG_CCA_end" 492 281 1945 873 779 3010 234 717 1335 781 132 88 357 105 1279 1247 1528 772 980 1652 1501 1230 4333 1078
"193" "mature-tRNA-Leu-TAA" 284 105 597 686 204 879 412 242 367 326 74 46 134 61 491 514 960 1211 781 704 848 676 966 525
"194" "mature-tRNA-Leu-TAA_3_end" 2 6 5 2 NA 4 NA NA 5 1 NA NA 3 3 13 5 4 16 5 NA 12 NA 22 13
"195" "mature-tRNA-Leu-TAA_5_end" 2126 372 6024 11463 1341 8550 4118 1731 4302 1901 650 270 672 598 5433 9096 9211 11184 10065 6755 9863 5972 8650 5367
"196" "mature-tRNA-Leu-TAA_CCA_end" 36 11 82 75 21 105 14 43 50 38 14 2 12 3 111 34 85 89 94 83 104 39 203 82
"197" "mature-tRNA-Leu-TAG" 406 186 1690 1228 525 2020 489 280 848 402 136 52 191 58 851 1154 1706 1534 1419 989 1435 810 2155 948
"198" "mature-tRNA-Leu-TAG_3_end" 6 8 19 10 22 29 37 5 7 7 2 NA 4 NA 10 6 23 15 17 20 19 13 48 20
"199" "mature-tRNA-Leu-TAG_5_end" 9099 2387 52651 43498 12338 61240 18694 5651 26960 10368 3444 1388 3658 1507 20343 32031 37805 28644 36435 21758 41032 18154 77777 30033
"200" "mature-tRNA-Leu-TAG_CCA_end" 133 47 677 230 153 509 79 112 277 126 46 16 68 20 307 237 420 396 319 425 307 262 979 382
"201" "mature-tRNA-Lys-CTT" 28163 9017 15927 18004 22616 28339 6091 5355 16533 9326 3433 6318 10327 4619 16931 10874 19917 20620 11946 20647 15840 10151 21310 10963
"202" "mature-tRNA-Lys-CTT_3_end" 2 3 NA 5 11 15 NA 1 1 6 NA NA 7 9 NA 2 5 NA NA NA 5 7 15 NA
"203" "mature-tRNA-Lys-CTT_5_end" 59332 20153 30288 40444 49043 44982 9245 6167 38695 19237 3527 14968 23503 8301 17953 12564 36347 33329 26040 42327 24624 11576 34599 13989
"204" "mature-tRNA-Lys-CTT_CCA_end" 41 10 199 157 37 346 56 88 179 256 29 7 51 21 175 81 320 171 146 146 243 209 584 88
"205" "mature-tRNA-Lys-TTT" 3343 573 2378 2976 2037 2907 1151 652 1611 1143 176 387 785 404 1420 1256 2663 2567 1732 2236 2959 1729 3819 1031
"206" "mature-tRNA-Lys-TTT_3_end" NA NA NA 1 NA 6 NA NA NA NA NA NA NA NA NA NA 9 NA NA 1 3 NA 5 11
"207" "mature-tRNA-Lys-TTT_5_end" 8297 972 9296 12641 3568 10980 6328 2778 3734 2693 460 681 1784 880 4729 3837 8011 9400 6721 8782 10469 4616 8453 3466
"208" "mature-tRNA-Lys-TTT_CCA_end" 127 36 440 202 54 482 191 125 210 275 77 8 81 78 123 196 513 402 372 271 458 131 759 197
"209" "mature-tRNA-Met-CAT" 1113 231 825 1107 624 940 898 323 292 370 51 125 213 144 485 250 978 973 669 1191 1574 735 1339 319
"210" "mature-tRNA-Met-CAT_3_end" 3 NA NA 2 NA 9 NA 2 2 NA NA NA 3 NA NA 1 4 NA 2 11 6 17 9 9
"211" "mature-tRNA-Met-CAT_5_end" 159 20 174 336 59 241 98 32 90 92 27 11 44 5 347 141 216 279 140 236 246 60 272 95
"212" "mature-tRNA-Met-CAT_CCA_end" 30 8 123 60 11 172 14 40 51 61 5 11 18 10 25 99 129 78 86 79 129 53 158 78
"213" "mature-tRNA-Phe-GAA" 49 57 87 80 62 170 58 34 79 61 13 13 43 6 102 64 157 154 107 95 141 74 241 125
"214" "mature-tRNA-Phe-GAA_3_end" 0 1 0 9 NA 3 NA 2 1 3 1 NA 1 NA NA 3 3 NA 3 1 6 NA 11 NA
"215" "mature-tRNA-Phe-GAA_5_end" 28 1 61 24 23 21 18 15 7 12 5 NA 6 3 59 3 11 46 12 11 12 32 6 1
"216" "mature-tRNA-Phe-GAA_CCA_end" 78 41 175 211 76 495 174 101 176 170 29 8 125 13 128 202 399 299 285 255 337 194 1305 505
"217" "mature-tRNA-Pro-AGG" 74 72 264 157 104 490 90 73 209 207 45 12 54 16 120 95 318 259 265 195 276 124 490 113
"218" "mature-tRNA-Pro-AGG_3_end" 5 34 10 11 12 20 13 5 20 12 3 0 9 1 1 4 35 30 50 14 17 4 53 19
"219" "mature-tRNA-Pro-AGG_5_end" 16 5 28 24 36 46 27 9 23 5 6 10 9 2 19 21 21 28 22 40 17 30 65 21
"220" "mature-tRNA-Pro-AGG_CCA_end" 23 6 217 72 38 206 33 36 83 103 17 2 16 3 68 102 121 83 85 105 156 69 272 57
"221" "mature-tRNA-Pro-CGG" 93 73 320 171 112 517 211 83 217 221 45 12 56 17 209 106 329 259 275 216 279 126 517 116
"222" "mature-tRNA-Pro-CGG_3_end" 5 34 10 11 12 20 13 5 20 12 3 0 9 1 1 4 35 30 50 14 17 4 53 19
"223" "mature-tRNA-Pro-CGG_5_end" 16 5 28 24 36 46 27 9 23 5 6 10 9 2 19 21 21 28 22 40 17 30 65 21
"224" "mature-tRNA-Pro-CGG_CCA_end" 23 6 217 72 38 206 33 36 83 103 17 2 16 3 68 102 121 83 85 105 156 69 272 57
"225" "mature-tRNA-Pro-TGG" 126 79 405 242 226 626 213 106 298 244 56 16 74 30 168 151 437 423 353 315 391 195 695 214
"226" "mature-tRNA-Pro-TGG_3_end" 5 34 10 11 12 21 13 5 20 12 3 0 9 1 1 4 35 30 50 14 17 4 53 19
"227" "mature-tRNA-Pro-TGG_5_end" 18 5 28 27 36 48 27 9 25 5 9 12 10 2 19 22 21 28 22 45 18 39 73 21
"228" "mature-tRNA-Pro-TGG_CCA_end" 24 6 219 72 38 207 33 36 83 103 17 2 16 3 69 102 122 83 85 105 158 69 273 57
"229" "mature-tRNA-SeC-TCA" 602 117 667 887 279 838 402 175 402 328 83 73 156 68 536 382 1324 854 735 878 1216 456 890 229
"230" "mature-tRNA-SeC-TCA_3_end" 1 NA NA 1 3 NA NA NA NA 1 NA NA NA 1 10 NA 5 NA NA 12 4 NA 6 NA
"231" "mature-tRNA-SeC-TCA_5_end" 962 172 1992 1503 1104 1088 397 248 1036 556 136 114 239 123 1375 1785 1721 1681 1871 1625 2600 1044 1927 562
"232" "mature-tRNA-SeC-TCA_CCA_end" 19 9 118 55 12 129 11 39 38 48 2 2 8 5 NA 41 99 57 77 38 150 23 113 2
"233" "mature-tRNA-Ser-AGA" 74 50 363 238 99 450 206 64 157 137 38 11 50 22 322 206 426 447 386 191 294 179 471 231
"234" "mature-tRNA-Ser-AGA_3_end" 2 2 17 2 2 7 NA 4 14 4 0 1 0 NA 30 3 6 10 2 4 7 NA 11 6
"235" "mature-tRNA-Ser-AGA_5_end" 1810 1114 4968 6154 1480 13682 4048 1770 5716 3121 952 376 946 586 5795 7655 9476 9600 12869 4127 8679 4046 16248 7321
"236" "mature-tRNA-Ser-AGA_CCA_end" 35 15 140 68 15 248 21 51 74 58 17 3 18 1 20 56 109 72 102 101 93 70 265 96
"237" "mature-tRNA-Ser-CGA" 41 23 170 111 45 128 38 32 59 116 23 9 25 6 256 91 182 151 115 88 88 60 126 96
"238" "mature-tRNA-Ser-CGA_3_end" NA 1 NA NA 2 3 NA NA NA 1 2 NA NA 3 NA 3 5 NA 3 NA 4 NA 1 1
"239" "mature-tRNA-Ser-CGA_5_end" 916 151 1329 1956 360 2595 728 330 950 553 167 48 235 126 1207 1423 2483 2978 2913 1191 2055 673 2813 977
"240" "mature-tRNA-Ser-CGA_CCA_end" 7 2 85 20 1 83 NA 28 44 63 12 1 4 1 60 42 61 53 25 37 53 15 130 50
"241" "mature-tRNA-Ser-GCT" 222 98 545 505 160 1092 327 139 326 271 81 10 88 37 343 387 761 685 801 573 717 455 886 471
"242" "mature-tRNA-Ser-GCT_3_end" 2 1 2 6 2 8 NA 2 15 7 1 2 6 NA 7 NA 27 1 30 10 12 NA 29 3
"243" "mature-tRNA-Ser-GCT_5_end" 6497 2133 21416 18279 5019 50181 5964 4629 14414 6732 1568 919 2975 1129 10915 14897 24391 17060 27321 18014 28166 11114 30407 13250
"244" "mature-tRNA-Ser-GCT_CCA_end" 37 28 152 78 35 235 NA 43 79 128 30 1 29 4 41 89 233 124 206 87 201 131 321 99
"245" "mature-tRNA-Ser-GGA" 21 33 44 42 49 126 16 32 58 42 9 9 31 4 90 38 84 67 58 53 60 49 176 75
"246" "mature-tRNA-Ser-GGA_3_end" 0 1 0 NA NA NA NA NA NA NA NA NA NA NA NA NA 2 NA NA NA NA NA 4 NA
"247" "mature-tRNA-Ser-GGA_5_end" 1 NA NA NA NA NA NA 0 NA NA NA NA NA NA NA NA NA NA NA NA NA NA NA NA
"248" "mature-tRNA-Ser-GGA_CCA_end" 65 41 131 174 73 445 46 80 159 127 29 6 111 12 128 183 362 276 261 200 261 163 1229 466
"249" "mature-tRNA-Ser-TGA" 160 105 584 436 179 722 279 108 259 203 77 31 79 29 491 308 675 676 666 362 454 305 769 359
"250" "mature-tRNA-Ser-TGA_3_end" 3 5 19 5 3 9 17 4 20 8 0 1 4 NA 30 3 14 10 10 5 11 NA 28 6
"251" "mature-tRNA-Ser-TGA_5_end" 2898 1590 6499 8729 2373 16797 5515 2281 7586 3660 1272 573 1359 830 8190 10262 13979 14522 17985 6106 11410 6146 21899 10754
"252" "mature-tRNA-Ser-TGA_CCA_end" 107 55 571 271 77 818 92 180 277 159 64 11 79 19 92 179 499 225 388 355 471 318 723 237
"253" "mature-tRNA-Sup-TCA" 28 19 40 28 12 38 1 3 14 31 2 4 16 2 101 51 124 81 18 51 97 46 59 21
"254" "mature-tRNA-Sup-TCA_CCA_end" NA 1 NA NA NA NA NA NA NA NA NA NA NA NA NA NA NA NA NA NA NA NA NA NA
"255" "mature-tRNA-Sup-TTA" NA 0 NA NA NA 0 NA NA NA NA NA NA NA NA NA 1 2 12 NA 3 NA NA 1 NA
"256" "mature-tRNA-Sup-TTA_5_end" NA NA 2 0 4 14 NA NA 1 NA NA 0 NA NA NA 2 NA NA 0 NA 5 1 0 NA
"257" "mature-tRNA-Thr-AGT" 45 13 160 20 71 132 36 25 37 51 11 8 14 2 31 39 70 29 63 42 55 18 70 30
"258" "mature-tRNA-Thr-AGT_3_end" 10 6 6 1 1 16 NA NA 1 4 NA 4 2 NA 37 NA 11 NA 10 NA 8 7 6 NA
"259" "mature-tRNA-Thr-AGT_5_end" 1 NA NA 20 18 15 NA 1 7 9 2 NA 3 2 NA 6 8 6 6 3 21 11 16 7
"260" "mature-tRNA-Thr-AGT_CCA_end" 24 4 71 31 23 155 NA 42 40 40 9 NA 19 3 71 50 65 35 27 79 66 76 113 76
"261" "mature-tRNA-Thr-CGT" 49 36 160 78 29 152 43 23 44 33 11 30 23 6 78 44 184 228 127 125 122 86 238 105
"262" "mature-tRNA-Thr-CGT_3_end" NA 8 4 3 NA 6 NA 5 7 7 NA NA 1 NA NA NA 11 4 5 3 1 10 8 1
"263" "mature-tRNA-Thr-CGT_5_end" 11 1 23 48 13 14 42 1 10 5 2 NA 7 NA 45 22 47 97 25 7 45 41 43 22
"264" "mature-tRNA-Thr-CGT_CCA_end" 20 16 77 71 14 186 34 49 56 47 26 6 21 9 95 55 158 96 121 72 125 122 170 72
"265" "mature-tRNA-Thr-TGT" 244 166 464 300 180 863 114 186 373 256 77 28 144 58 340 372 671 629 622 483 481 362 797 277
"266" "mature-tRNA-Thr-TGT_3_end" 26 33 38 41 11 125 NA 11 34 33 6 3 14 4 18 14 141 129 424 64 147 23 349 31
"267" "mature-tRNA-Thr-TGT_5_end" 749 103 693 804 1156 708 1076 359 428 437 66 293 145 157 397 259 511 893 373 570 588 423 597 235
"268" "mature-tRNA-Thr-TGT_CCA_end" 49 19 157 108 40 430 36 152 132 141 30 6 45 9 161 172 219 194 208 112 253 104 582 195
"269" "mature-tRNA-Trp-CCA" 190 401 468 453 426 614 460 115 459 481 54 37 162 79 644 349 1090 1356 1064 543 617 433 1179 486
"270" "mature-tRNA-Trp-CCA_3_end" 7 48 20 42 13 64 71 6 58 31 NA 3 18 5 14 22 130 178 129 48 59 1 131 63
"271" "mature-tRNA-Trp-CCA_5_end" 488 222 1636 3491 1113 2816 735 273 1304 295 182 100 312 113 1998 1857 2767 3065 2846 1337 2262 1135 4379 2010
"272" "mature-tRNA-Trp-CCA_CCA_end" 84 88 358 222 86 447 113 129 208 526 40 5 94 39 584 260 558 763 481 329 433 314 507 318
"273" "mature-tRNA-Tyr-GTA" 95 58 275 100 105 308 88 109 112 167 20 16 69 19 140 109 285 289 227 147 236 109 343 105
"274" "mature-tRNA-Tyr-GTA_3_end" 1 6 11 4 9 7 NA 3 1 4 NA 4 2 2 NA 6 15 7 13 NA 13 7 14 11
"275" "mature-tRNA-Tyr-GTA_5_end" 78 12 111 105 55 98 30 13 95 38 2 5 23 4 25 107 159 147 123 121 115 95 110 27
"276" "mature-tRNA-Tyr-GTA_CCA_end" 29 13 93 90 46 318 71 75 86 133 7 1 31 31 139 70 229 125 105 80 120 192 508 116
"277" "mature-tRNA-Val-AAC" 19047 7528 8312 11208 103095 12519 6632 6995 12832 2591 1946 11318 11070 3301 7051 8221 14968 10615 8524 22456 10002 20696 11809 15791
"278" "mature-tRNA-Val-AAC_3_end" 4 4 11 12 3 19 NA 4 6 6 0 0 3 1 15 13 28 29 18 14 20 28 18 5
"279" "mature-tRNA-Val-AAC_5_end" 58669 10680 12442 19593 443702 8057 25116 49774 31727 2203 1978 80992 52470 21517 20034 13331 11090 15392 7445 60874 8662 125526 10875 44060
"280" "mature-tRNA-Val-AAC_CCA_end" 107 28 464 425 94 823 211 232 282 196 22 14 92 32 334 256 632 435 325 345 590 380 621 220
"281" "mature-tRNA-Val-CAC" 19364 7575 9535 11986 101153 13837 6985 7165 12847 2981 2126 11156 11049 3315 7777 10492 17902 11907 10146 23121 11733 21635 13154 16857
"282" "mature-tRNA-Val-CAC_3_end" 4 4 11 12 3 19 NA 4 6 6 0 0 3 1 15 13 28 29 18 14 20 28 18 5
"283" "mature-tRNA-Val-CAC_5_end" 57126 10391 12096 18943 433403 7952 24817 48649 30947 2134 1942 79184 51255 20943 19471 13004 10824 14985 7278 59237 8470 122487 10699 43108
"284" "mature-tRNA-Val-CAC_CCA_end" 107 28 464 425 94 823 211 232 283 196 22 14 92 32 334 256 632 435 325 345 590 380 621 220
"285" "mature-tRNA-Val-TAC" 739 208 742 536 613 913 975 215 347 254 78 68 184 51 591 499 1105 823 634 627 655 577 871 386
"286" "mature-tRNA-Val-TAC_3_end" NA 2 NA 3 NA 19 11 NA 1 5 2 NA 1 NA NA 2 6 11 12 NA 2 5 19 NA
"287" "mature-tRNA-Val-TAC_5_end" 731 117 611 837 2062 1040 839 564 607 253 206 257 339 158 569 490 677 741 887 800 712 850 1480 738
"288" "mature-tRNA-Val-TAC_CCA_end" 77 20 205 90 164 249 NA 99 125 41 25 7 30 8 42 50 159 79 113 164 130 254 206 71
"289" "pre-tRNA-Arg-TCT" 1 NA 13 14 NA 17 NA 12 5 8 NA 4 1 2 NA 3 8 19 3 8 12 8 17 8
"290" "pre-tRNA-Ile-TAT" 131 19 314 240 81 481 41 96 108 40 21 14 26 10 97 100 185 100 178 136 228 107 245 67
"291" "pre-tRNA-Leu-CAA" 60 9 39 33 16 25 7 22 17 7 1 4 10 7 7 10 15 69 32 20 36 4 41 30
"292" "pre-tRNA-Tyr-GTA" 9 7 56 73 24 100 27 54 28 62 5 5 27 13 42 47 53 56 34 46 81 13 48 30
