"Annotation" "Reads.1" "Reads.2" "Reads.3" "Reads.4" "Reads.5" "Reads.6" "Reads.7" "Reads.8" "Reads.9" "Reads.10" "Reads.11" "Reads.12" "Reads.13" "Reads.14" "Reads.15" "Reads.16" "Reads.17" "Reads.18" "Reads.19" "Reads.20" "Reads.21" "Reads.22" "Reads.23" "Reads.24"
"1" "mmu-let-7a-1-3p" 136 35 469 274 267 376 50 146 155 106 24 12 56 32 185 198 267 130 173 353 514 202 689 313
"2" "mmu-let-7a-2-3p" 4 1 NA 2 NA 4 NA NA 1 NA NA NA 2 2 NA 1 3 8 1 11 5 NA NA 12
"3" "mmu-let-7a-5p" 31104 7547 45142 23501 13978 134076 14390 17298 19272 32698 3885 1909 6478 2456 21335 28281 28910 29835 27467 29761 73571 36376 101468 36434
"4" "mmu-let-7b-3p" 30 12 78 41 31 72 NA 21 20 16 14 3 6 9 29 20 39 20 41 22 41 20 93 95
"5" "mmu-let-7b-5p" 7032 1665 12315 4332 2442 20344 1734 2778 3927 5096 755 291 1019 545 4133 4590 4309 4528 4184 5545 13284 4011 14973 7337
"6" "mmu-let-7c-1-3p" 16 3 47 8 16 39 NA 6 11 4 5 1 5 NA 23 28 21 26 25 11 33 43 48 28
"7" "mmu-let-7c-2-3p" 136 35 469 274 267 376 50 146 155 106 24 12 56 32 185 198 267 130 173 353 514 202 689 313
"8" "mmu-let-7c-5p" 44470 10787 70002 26534 19002 149632 18781 22798 25695 42170 5135 2423 7741 3411 30555 36947 34035 33966 31111 40778 94413 36218 112933 50854
"9" "mmu-let-7d-3p" 167 61 816 231 175 695 48 114 185 137 59 14 58 26 60 191 257 199 261 204 597 196 803 390
"10" "mmu-let-7d-5p" 7055 1821 10278 5295 4062 25828 3636 3816 3960 4178 1073 414 1434 564 3986 3931 6043 4097 6782 7391 14724 10894 20033 10498
"11" "mmu-let-7e-3p" 24 5 37 19 14 53 NA 9 9 6 2 NA 5 NA NA 26 20 11 13 32 41 NA 24 25
"12" "mmu-let-7e-5p" 2744 350 3843 1743 870 8830 1240 1280 1474 1875 329 102 434 146 1069 1636 2407 2002 1760 2635 8439 2173 6519 3047
"13" "mmu-let-7f-1-3p" 3 NA 9 1 2 11 NA 2 3 3 2 NA 1 NA NA 2 3 14 4 3 5 NA 22 6
"14" "mmu-let-7f-2-3p" 2 NA NA 2 NA 2 NA NA NA 5 NA NA NA NA 27 NA 3 NA NA 1 4 NA 8 NA
"15" "mmu-let-7f-5p" 65329 12821 83369 66911 36547 244030 43050 42306 45980 91500 5304 5301 15455 5754 48101 62489 58404 82111 52290 70028 205787 82893 174949 78719
"16" "mmu-let-7g-3p" 3 1 5 1 8 3 NA NA 1 1 NA NA NA NA NA NA 3 22 1 NA 2 NA 4 3
"17" "mmu-let-7g-5p" 40893 7930 49269 47664 23957 122879 23358 26841 28528 35269 3538 3065 8093 3427 21855 30800 37935 32220 37465 44592 104055 48673 99942 42206
"18" "mmu-let-7i-3p" 230 18 190 64 87 75 24 41 55 33 5 12 18 3 133 26 46 132 25 35 32 50 71 110
"19" "mmu-let-7i-5p" 18834 1730 22526 16575 8853 29168 8153 6209 6726 8705 559 697 2189 1169 7791 8223 8176 10197 7516 11159 28015 15522 22056 8457
"20" "mmu-let-7j" 60 5 61 42 31 96 33 22 19 21 2 3 7 5 26 30 27 30 23 46 79 46 67 30
"21" "mmu-miR-100-3p" 5 1 NA 7 NA 19 46 3 1 2 NA NA NA NA NA NA 6 NA 4 NA 13 NA 20 3
"22" "mmu-miR-100-5p" 4519 1149 6851 5315 2697 15050 2655 3136 2614 6069 720 408 1725 597 9563 6791 7291 8582 7607 4699 8820 3810 21598 13822
"23" "mmu-miR-101a-3p" 426 137 1521 1219 826 3198 1730 376 471 2406 47 91 268 70 1159 408 1262 1162 589 514 1840 856 4294 706
"24" "mmu-miR-101a-5p" 6 4 3 3 3 2 NA 2 3 3 NA NA 1 NA NA 2 NA 10 NA NA 1 NA NA NA
"25" "mmu-miR-101b-3p" 106 32 195 78 96 190 22 55 65 31 NA 6 27 14 119 68 65 103 41 65 147 196 124 34
"26" "mmu-miR-101c" 8 2 213 96 23 191 27 4 35 64 3 1 13 3 68 14 82 74 47 1 98 26 257 27
"27" "mmu-miR-103-3p" 11192 1546 11189 14548 6553 35299 4901 4960 7121 7069 1035 779 1953 974 3824 6148 13087 8192 9674 8799 22447 6800 25521 9504
"28" "mmu-miR-106a-5p" 4 NA NA 2 NA 5 NA 1 NA 1 NA NA NA NA NA NA NA NA 1 1 7 NA 13 NA
"29" "mmu-miR-106b-3p" 67 39 92 110 46 175 253 44 55 61 47 10 18 7 137 108 180 191 194 128 137 93 281 286
"30" "mmu-miR-106b-5p" 358 81 224 371 269 1044 178 157 166 204 17 19 87 30 119 130 335 382 240 294 605 415 1058 370
"31" "mmu-miR-107-3p" 621 149 554 746 366 2083 116 256 302 367 95 14 144 57 262 177 642 570 513 436 1116 323 1907 522
"32" "mmu-miR-10a-3p" 471 271 1292 784 455 1143 306 586 575 390 86 59 222 77 872 789 692 746 766 785 1322 756 1428 1202
"33" "mmu-miR-10a-5p" 87057 32284 192545 97658 102884 219527 95469 135363 59897 154738 12979 13248 34695 17981 238988 186071 96019 190300 130151 128968 184768 153083 256514 801636
"34" "mmu-miR-10b-3p" 283 145 479 251 336 376 NA 221 173 102 27 33 83 53 240 205 271 176 284 317 344 345 513 405
"35" "mmu-miR-10b-5p" 111795 26926 176232 97664 85079 212331 101603 101345 52215 164452 11760 11596 36798 14860 281619 154261 100652 248942 129666 113252 196387 128179 228453 641982
"36" "mmu-miR-1191a" 4 NA NA 6 NA 14 NA 4 8 5 2 NA NA NA 17 3 10 9 6 13 12 4 12 7
"37" "mmu-miR-1193-3p" 3 NA 13 5 NA 6 NA NA NA NA 1 4 NA NA NA NA 3 NA 3 7 2 NA 9 2
"38" "mmu-miR-1198-3p" 5 NA NA 7 NA 8 NA NA 4 2 NA NA NA NA NA NA 2 NA 2 NA NA NA 4 8
"39" "mmu-miR-1198-5p" 66 20 296 103 34 211 123 36 36 120 10 2 15 16 83 102 75 25 63 74 132 107 223 77
"40" "mmu-miR-12189-3p" 1 NA NA 1 NA NA NA NA NA NA NA NA NA NA NA NA NA NA NA NA NA NA NA NA
"41" "mmu-miR-12191-3p" 1 NA NA 1 2 1 NA NA 1 NA NA NA 3 NA NA NA NA NA NA NA NA NA NA NA
"42" "mmu-miR-122-3p" 24 NA NA NA NA NA NA NA 3 NA 3 NA 2 NA NA NA 8 NA 13 17 1 NA NA NA
"43" "mmu-miR-122-5p" 451 1 1 100 NA 63 NA 4 7 3 111 1 10 5 NA 126 88 NA 522 549 524 9 37 25
"44" "mmu-miR-124-3p" 57 15 103 138 18 73 17 19 38 39 17 1 6 11 42 78 137 124 124 95 79 80 69 90
"45" "mmu-miR-1247-5p" 46 8 237 102 25 98 38 20 31 27 15 1 9 1 84 63 47 30 40 96 74 56 153 67
"46" "mmu-miR-1249-3p" 19 9 116 54 7 65 16 3 16 29 1 5 11 1 49 29 38 75 65 57 50 20 171 124
"47" "mmu-miR-1251-5p" 17 NA 14 4 2 4 NA 5 9 4 NA NA 1 NA 34 NA 9 8 2 NA 1 1 11 1
"48" "mmu-miR-125a-3p" 46 3 15 13 8 62 NA 8 15 16 5 1 6 2 NA 22 40 NA 17 20 51 18 86 39
"49" "mmu-miR-125a-5p" 9392 1243 26696 7214 3286 29237 2040 4534 3714 3684 1350 239 1586 333 3936 4313 7462 3146 6383 6972 18750 3849 21896 10139
"50" "mmu-miR-125b-1-3p" 109 27 146 53 23 97 NA 53 48 19 9 3 5 4 45 66 49 26 32 100 89 70 102 60
"51" "mmu-miR-125b-2-3p" 206 36 349 209 221 253 204 109 98 74 17 12 42 10 129 128 172 319 104 141 192 153 270 278
"52" "mmu-miR-125b-5p" 20211 6707 55394 23070 12048 79413 8058 16864 12192 12238 4636 1118 5462 1386 15316 17332 23296 12580 29902 19486 42961 13603 91480 36211
"53" "mmu-miR-126a-3p" 14979 2604 16182 10906 12371 14016 3301 7725 5464 3161 426 529 2314 998 5096 3651 3732 7404 3661 8071 6775 12748 18820 10069
"54" "mmu-miR-126a-5p" 436 90 2051 1689 1494 3278 607 727 1154 818 41 69 302 86 755 434 767 1162 650 713 1529 1113 3361 976
"55" "mmu-miR-126b-3p" 3 NA NA 1 NA 1 NA NA NA NA NA NA NA NA NA NA NA NA NA NA NA NA 2 NA
"56" "mmu-miR-127-3p" 125 73 298 208 130 224 29 114 85 36 54 10 51 24 179 249 248 317 349 223 188 338 787 1317
"57" "mmu-miR-127-5p" 2 NA 1 9 NA 10 NA 2 2 5 NA NA 1 3 12 9 25 NA 2 13 11 6 26 7
"58" "mmu-miR-128-3p" 308 72 729 455 232 899 164 257 321 432 63 22 109 79 380 476 676 458 622 557 1092 442 981 613
"59" "mmu-miR-129-1-3p" 2 NA 14 7 NA 7 NA NA 1 NA 4 1 NA NA NA 2 2 NA 2 NA NA NA 2 7
"60" "mmu-miR-129-2-3p" 4 1 7 20 2 11 NA 5 4 2 NA 1 NA NA NA 25 10 112 20 15 2 NA 9 57
"61" "mmu-miR-129-5p" 9 2 48 21 29 43 43 9 38 24 4 3 4 NA 14 34 12 97 48 15 35 NA 19 70
"62" "mmu-miR-1306-3p" 1 NA NA 3 NA 2 NA NA 1 1 NA NA NA NA NA 5 NA NA NA NA NA NA 5 NA
"63" "mmu-miR-1306-5p" 2 2 12 7 NA 10 NA NA NA 4 NA NA 1 NA NA NA 9 NA 5 NA 13 15 7 11
"64" "mmu-miR-130a-3p" 221 118 260 211 265 323 148 166 104 121 29 10 25 21 232 77 123 320 129 119 199 271 255 272
"65" "mmu-miR-130b-3p" 17 4 15 39 5 36 NA 13 17 6 1 1 3 1 19 14 32 36 34 31 35 NA 54 26
"66" "mmu-miR-130b-5p" 47 10 115 51 26 89 NA 38 22 27 4 3 21 6 147 45 68 59 86 38 78 36 79 56
"67" "mmu-miR-132-3p" 57 6 15 26 10 77 NA 11 20 7 5 5 3 NA NA 34 25 NA 36 22 61 48 110 63
"68" "mmu-miR-133a-3p" 1416 5 153 145 59 31 NA 3 39 10 3 3 94 12 26 13 22 196 29 41 49 910 257 178
"69" "mmu-miR-133a-5p" 12 NA NA 1 NA 2 NA NA NA NA NA NA NA NA NA NA NA 21 NA NA NA NA 2 NA
"70" "mmu-miR-133b-3p" 442 3 66 54 27 4 NA 1 17 3 2 NA 36 NA NA 5 7 93 3 7 8 258 111 41
"71" "mmu-miR-134-5p" 11 NA 37 36 10 51 NA 5 17 6 1 NA 8 3 NA 13 16 2 14 23 22 15 53 20
"72" "mmu-miR-135a-2-3p" 11 6 68 14 24 78 NA 19 14 80 3 6 5 4 55 43 26 10 37 39 67 3 121 20
"73" "mmu-miR-135a-5p" 8679 948 10512 7960 5111 12126 2259 3876 3295 4010 247 465 1545 718 4683 5096 5714 5050 5719 9390 20405 3522 19446 5907
"74" "mmu-miR-135b-5p" 1431 50 336 252 368 627 24 170 95 122 5 13 78 18 232 99 399 176 206 433 711 139 503 141
"75" "mmu-miR-136-3p" 49 6 172 64 23 68 23 24 19 7 NA 5 11 NA 9 18 53 61 15 69 54 27 47 18
"76" "mmu-miR-136-5p" 62 2 83 6 31 8 NA 5 2 8 1 1 4 NA 103 10 NA 45 NA 10 13 NA 4 2
"77" "mmu-miR-137-3p" 3 1 33 1 5 6 NA NA 1 4 4 NA NA 1 NA 6 2 3 4 NA 22 31 29 28
"78" "mmu-miR-138-5p" 23 1 5 28 7 33 NA 6 4 18 NA 3 3 NA NA NA 18 15 10 33 91 NA 24 34
"79" "mmu-miR-139-5p" 109 13 115 87 59 283 NA 67 48 31 17 6 6 3 32 62 65 71 66 30 101 27 255 90
"80" "mmu-miR-140-3p" 399 287 699 732 368 1272 477 318 445 240 106 57 210 83 675 596 855 774 629 542 545 399 1409 635
"81" "mmu-miR-140-5p" 563 62 375 341 204 284 67 86 97 120 5 16 37 27 344 94 144 196 89 275 382 117 361 264
"82" "mmu-miR-141-3p" 40123 2102 17449 5182 15702 4947 3230 2890 2456 1094 191 835 1497 672 7547 1352 1926 5738 2004 6243 4844 13087 3687 3773
"83" "mmu-miR-141-5p" 123 11 125 55 48 47 34 50 24 9 3 6 12 NA 84 23 26 41 17 49 23 17 52 42
"84" "mmu-miR-142a-3p" 418 32 321 276 186 521 525 70 60 183 6 9 39 11 95 34 139 529 100 130 284 63 299 98
"85" "mmu-miR-142a-5p" 216 55 927 249 181 154 108 96 60 26 2 1 37 10 135 28 63 206 52 102 136 33 130 91
"86" "mmu-miR-143-3p" 129887 19027 173858 124135 54353 190562 48190 41744 56025 43529 10421 7480 27216 13155 136243 116086 87778 131151 88962 71981 321333 116826 217941 283298
"87" "mmu-miR-143-5p" 34 2 51 19 25 40 NA 5 4 14 NA NA 2 7 31 10 24 40 28 17 96 60 131 85
"88" "mmu-miR-144-3p" 84 9 201 44 12 40 48 9 15 11 7 7 6 5 17 8 20 84 10 17 19 NA 9 7
"89" "mmu-miR-144-5p" 78 39 208 405 56 343 92 105 88 40 30 19 41 16 NA 121 102 134 169 170 404 54 189 49
"90" "mmu-miR-145a-3p" 976 116 3138 1858 971 2632 525 581 639 1067 102 50 271 112 1148 1313 1012 900 1045 1037 4993 1847 4168 3397
"91" "mmu-miR-145a-5p" 4541 711 5864 4526 2759 6132 1591 1444 1783 1400 1139 305 916 843 4731 3070 3549 5608 4970 2624 9409 6188 13175 37170
"92" "mmu-miR-146a-5p" 2874 1206 6508 6701 4061 4794 2179 2439 1599 1233 229 264 864 396 2237 1648 2064 1895 1794 2837 3098 2053 4301 3329
"93" "mmu-miR-146b-3p" 12 4 10 9 18 17 NA 10 15 NA 3 NA 4 3 NA 10 8 NA 16 35 13 NA 32 4
"94" "mmu-miR-146b-5p" 1639 551 5784 3464 2096 3863 952 2293 1335 1541 62 167 504 294 1833 2933 2177 1151 1577 2865 4442 902 3993 2233
"95" "mmu-miR-147-3p" 3 NA 10 4 4 4 NA NA NA 6 1 NA 1 NA NA NA 11 NA NA NA 6 NA 1 NA
"96" "mmu-miR-147-5p" 1 NA NA 10 3 14 NA 2 4 2 NA NA 4 1 NA 6 28 8 16 NA 19 NA 23 NA
"97" "mmu-miR-148a-3p" 168716 28423 37481 33026 44143 60667 51660 29656 21096 44497 4124 7117 12645 8811 46648 25478 48819 79267 49396 41322 64291 34355 91590 60796
"98" "mmu-miR-148a-5p" 79 49 120 171 57 179 66 103 95 55 17 10 44 26 200 151 198 125 150 151 234 76 259 316
"99" "mmu-miR-148b-3p" 2403 776 987 859 473 748 730 604 374 198 224 155 463 167 1174 593 1429 1121 2048 983 1474 1149 2971 4992
"100" "mmu-miR-148b-5p" 73 6 61 62 42 28 NA 33 17 5 2 NA 11 5 4 7 16 9 14 60 38 26 23 34
"101" "mmu-miR-149-5p" 410 72 793 331 176 654 169 171 178 192 35 12 51 26 44 212 257 179 299 275 490 192 778 439
"102" "mmu-miR-150-5p" 270 66 485 394 221 1810 337 203 129 108 40 9 51 18 256 236 188 298 176 143 354 122 726 387
"103" "mmu-miR-151-3p" 102 41 174 68 104 122 160 53 58 98 39 5 34 20 404 90 103 215 97 86 66 113 332 281
"104" "mmu-miR-151-5p" 1663 631 2988 1672 1049 3966 377 1020 960 642 334 112 390 158 1041 1255 2083 1083 2106 1656 2508 1703 4691 2502
"105" "mmu-miR-152-3p" 1953 603 1236 1290 1425 1788 1362 762 793 619 185 153 475 255 1137 1071 1589 2166 1969 1097 1754 2063 4273 2658
"106" "mmu-miR-152-5p" 4 4 NA 19 6 35 NA 6 12 24 NA NA 10 1 NA 13 21 8 28 14 51 18 69 9
"107" "mmu-miR-153-3p" 94 11 246 30 61 13 195 12 11 24 NA 2 3 1 NA 6 5 80 1 34 35 60 25 6
"108" "mmu-miR-153-5p" 4 3 11 5 7 4 18 1 NA NA NA NA 1 NA NA NA NA NA NA NA NA NA 3 NA
"109" "mmu-miR-154-3p" 6 3 44 27 28 34 NA 13 13 1 1 NA 6 7 NA 5 14 47 13 14 30 14 27 36
"110" "mmu-miR-155-5p" 55 8 43 91 69 157 NA 55 22 32 8 NA 18 11 11 39 44 30 44 55 96 120 181 85
"111" "mmu-miR-15a-5p" 949 79 563 694 628 511 455 222 232 375 16 39 106 71 1120 222 327 1401 295 354 577 306 435 452
"112" "mmu-miR-15b-3p" 17 4 75 45 35 114 NA 33 16 20 7 2 8 5 26 18 38 NA 41 17 84 29 105 26
"113" "mmu-miR-15b-5p" 2795 557 3600 4255 997 5944 1608 957 1435 986 627 109 468 203 1549 1541 4597 2460 4403 2360 3981 1936 7756 4346
"114" "mmu-miR-16-2-3p" 22 4 40 45 24 54 NA 5 9 26 6 NA 10 5 12 10 42 42 47 54 130 28 86 16
"115" "mmu-miR-16-5p" 18332 3502 25683 24396 14166 19476 7526 7532 8053 3762 1299 797 2182 1215 9326 9814 10877 14097 12222 16760 15839 12106 13919 11919
"116" "mmu-miR-17-3p" 64 15 113 84 51 142 5 26 25 17 6 3 5 NA 94 38 34 70 61 67 59 108 154 71
"117" "mmu-miR-17-5p" 538 33 206 288 127 597 103 125 115 173 16 18 46 16 277 87 305 174 134 179 562 171 699 203
"118" "mmu-miR-181a-1-3p" 6 4 24 23 24 38 NA 12 17 13 12 NA 1 1 NA 7 23 27 24 1 15 23 45 60
"119" "mmu-miR-181a-2-3p" 67 38 342 59 47 100 133 47 56 120 10 2 27 10 96 108 66 69 66 60 89 34 225 133
"120" "mmu-miR-181a-5p" 3696 795 8332 3010 2875 4676 1170 2615 2339 878 502 255 681 286 2123 2229 2527 2299 2454 3108 3721 2069 4836 6312
"121" "mmu-miR-181b-1-3p" 4 NA 10 2 NA 5 NA NA NA 8 NA NA NA NA NA NA NA NA 1 1 1 NA 1 NA
"122" "mmu-miR-181b-5p" 648 126 1183 722 615 1257 101 419 439 467 86 38 169 67 376 530 542 466 507 634 965 732 1198 885
"123" "mmu-miR-181c-3p" 17 6 32 22 5 40 NA 5 10 4 3 NA 6 NA 56 NA 26 20 12 4 27 NA 47 35
"124" "mmu-miR-181c-5p" 403 129 723 328 445 185 36 227 188 17 51 39 102 29 270 88 268 345 224 426 480 263 281 686
"125" "mmu-miR-181d-5p" 241 29 298 155 191 153 104 83 92 60 19 36 34 13 96 66 128 74 123 142 292 267 207 269
"126" "mmu-miR-182-3p" 10 2 17 19 NA 42 NA NA 12 12 1 1 1 8 NA 14 11 NA 11 9 54 16 65 17
"127" "mmu-miR-182-5p" 29999 4490 36101 21867 14674 26720 21778 12693 9094 32817 1333 1934 5354 3115 48594 23435 14434 45930 14982 20211 22883 11570 32737 26670
"128" "mmu-miR-183-3p" 21 3 77 40 21 114 NA 27 18 27 1 2 21 1 1 31 44 42 61 62 77 47 90 32
"129" "mmu-miR-183-5p" 5824 1262 11782 4454 2942 9004 5198 2673 2773 11507 435 352 1594 568 13651 5877 4679 12919 5296 5249 7275 3706 10202 7970
"130" "mmu-miR-1839-3p" 72 6 2 22 25 52 NA 16 12 18 5 1 4 NA 38 19 27 25 38 20 16 28 73 95
"131" "mmu-miR-1839-5p" 905 181 1037 1040 432 2036 160 399 435 453 48 70 152 118 628 554 824 607 846 911 1844 1825 2325 803
"132" "mmu-miR-184-3p" 125 70 334 485 58 330 210 83 134 122 64 27 67 39 245 316 565 467 426 245 544 299 411 412
"133" "mmu-miR-184-5p" 2 NA NA NA NA NA NA NA NA NA NA NA NA NA NA NA NA NA NA NA NA NA NA NA
"134" "mmu-miR-1843a-3p" 14 NA 44 14 NA 41 NA 9 20 13 NA NA 1 1 NA 6 18 NA 14 2 14 15 35 16
"135" "mmu-miR-1843a-5p" 177 33 177 120 104 218 NA 96 94 74 5 7 26 18 109 69 142 214 96 189 228 208 180 179
"136" "mmu-miR-1843b-3p" 1 NA NA NA NA NA NA NA NA NA NA NA NA NA NA NA NA NA NA NA NA NA NA NA
"137" "mmu-miR-1843b-5p" 92 21 95 65 90 98 64 47 43 29 2 2 15 12 62 31 86 166 60 93 100 140 89 82
"138" "mmu-miR-185-5p" 167 18 208 261 74 589 76 44 76 92 13 8 41 18 73 105 174 87 164 272 458 221 385 187
"139" "mmu-miR-186-3p" 1 1 NA 4 3 9 NA 1 3 NA NA NA 2 NA NA NA 2 NA 3 NA 7 4 6 2
"140" "mmu-miR-186-5p" 537 257 550 582 391 581 19 363 247 81 45 56 165 73 404 382 492 366 511 445 826 1216 1182 835
"141" "mmu-miR-187-3p" 112 51 309 207 78 531 12 69 90 83 15 7 28 1 107 71 147 39 127 143 240 111 480 106
"142" "mmu-miR-187-5p" 2 2 NA 4 NA 3 NA NA NA 3 NA NA 1 NA NA NA 6 NA 1 NA NA NA 4 11
"143" "mmu-miR-188-5p" 13 NA NA 3 4 4 NA 1 4 3 NA 2 NA NA NA NA 3 NA NA 8 4 6 4 NA
"144" "mmu-miR-18a-3p" 4 NA NA 1 NA 5 NA 2 7 NA NA NA NA 1 NA NA 5 NA 4 3 2 NA 7 3
"145" "mmu-miR-18a-5p" 395 24 281 489 62 479 353 91 91 172 11 19 54 17 163 90 373 471 219 191 623 236 387 226
"146" "mmu-miR-190a-3p" 4 NA NA NA NA NA NA NA NA 8 NA NA NA NA NA NA NA NA NA 17 NA NA NA NA
"147" "mmu-miR-190a-5p" 5 9 33 16 38 14 NA 2 7 8 2 3 4 2 NA NA 5 NA 10 22 48 38 64 5
"148" "mmu-miR-190b-5p" 5 2 17 19 17 4 NA 4 3 7 1 1 NA 4 NA 2 21 35 24 2 28 8 20 7
"149" "mmu-miR-191-3p" 29 11 121 35 20 59 45 14 33 27 6 NA 7 6 4 14 39 14 36 46 38 14 105 26
"150" "mmu-miR-191-5p" 13383 3431 36580 23820 10457 44617 6384 14365 9461 8155 2268 726 3228 1489 11966 21531 20235 10623 21991 20437 31740 16254 40021 25309
"151" "mmu-miR-192-5p" 62 44 211 201 31 243 32 85 36 48 17 10 99 9 108 39 147 70 79 93 86 33 126 63
"152" "mmu-miR-1930-5p" 11 NA NA 1 NA 2 NA NA NA NA 1 NA 2 NA NA NA 1 NA NA NA 1 NA 3 NA
"153" "mmu-miR-1931" 2 NA NA NA NA NA NA NA NA NA NA NA NA NA NA NA NA NA NA NA NA NA NA NA
"154" "mmu-miR-193a-3p" 3 1 3 1 14 NA 64 NA 1 5 NA NA NA NA NA 2 NA NA NA NA NA NA 10 NA
"155" "mmu-miR-193a-5p" 4 1 4 5 7 45 NA 7 4 7 2 NA 2 4 NA 2 8 23 10 3 24 NA 58 19
"156" "mmu-miR-193b-3p" 23 4 NA 13 NA 2 NA 8 3 6 1 NA 5 4 9 9 16 48 6 NA 7 NA 24 67
"157" "mmu-miR-193b-5p" 1 NA NA NA NA NA NA NA 1 NA NA NA 1 NA NA NA NA NA NA NA 1 NA 10 NA
"158" "mmu-miR-194-1-3p" 5 NA NA NA NA NA NA NA NA NA NA NA 8 NA NA NA 4 NA NA NA NA NA NA NA
"159" "mmu-miR-194-5p" 1580 238 1469 1249 572 1254 204 437 264 102 123 51 529 59 169 319 583 221 545 367 493 313 630 531
"160" "mmu-miR-1943-5p" 2 1 NA 5 NA 5 NA NA NA NA NA NA NA NA NA NA 1 NA NA NA NA NA 4 NA
"161" "mmu-miR-1948-3p" 1 NA 10 NA NA 3 NA NA NA NA NA NA NA NA NA 2 2 NA 2 NA NA NA 7 NA
"162" "mmu-miR-1949" 1 NA 8 4 NA NA NA 1 NA 3 NA NA NA NA NA NA 1 NA 2 NA 8 NA 4 NA
"163" "mmu-miR-1955-5p" 5 1 NA 9 NA 4 NA NA 2 NA NA NA NA NA NA 21 9 NA NA 4 11 4 9 NA
"164" "mmu-miR-195a-3p" 15 4 1 10 23 45 NA 11 14 12 NA NA 5 NA NA 15 24 NA 20 7 16 56 50 17
"165" "mmu-miR-195a-5p" 2052 313 1815 987 1201 1511 252 513 480 273 68 58 157 57 603 384 488 942 507 685 907 1140 1460 943
"166" "mmu-miR-1968-5p" 7 NA 10 6 NA 6 NA 4 3 3 NA 1 1 2 NA 2 NA NA 1 NA 9 NA 14 2
"167" "mmu-miR-196a-1-3p" 1 NA NA 2 NA 8 NA 3 NA NA NA 1 NA NA NA NA 1 NA 3 NA NA NA 1 NA
"168" "mmu-miR-196a-5p" 401 48 450 289 246 1276 117 160 188 220 38 24 56 19 135 324 167 232 385 261 446 2608 1792 360
"169" "mmu-miR-196b-3p" 1 NA NA NA NA NA NA NA 1 NA NA NA NA NA NA NA 1 NA NA NA NA NA NA NA
"170" "mmu-miR-196b-5p" 388 106 829 566 383 885 225 141 243 312 83 56 154 74 238 620 339 595 897 310 886 4741 2700 3083
"171" "mmu-miR-1970b-5p" 1 NA NA NA NA 1 NA NA NA NA NA NA NA NA NA 1 NA 15 NA NA NA NA NA 2
"172" "mmu-miR-1981-3p" 16 2 11 20 5 23 NA 9 5 1 5 NA 1 1 35 5 7 NA 22 6 8 12 16 10
"173" "mmu-miR-1981-5p" 72 27 114 51 49 126 39 20 25 32 14 4 21 11 80 52 51 43 59 38 75 105 160 106
"174" "mmu-miR-1982-3p" 2 NA NA NA NA 2 NA NA 2 NA NA NA NA NA NA NA 3 NA 2 NA 2 NA 4 NA
"175" "mmu-miR-1983" 1 1 3 16 1 10 NA 3 7 5 NA NA 5 NA NA 1 5 25 16 NA 20 NA 12 5
"176" "mmu-miR-199a-3p" 12803 2534 22058 15401 10982 42389 4490 7901 10264 5756 1058 793 3370 1173 7536 8643 12804 6469 10090 12852 26960 13620 28073 15984
"177" "mmu-miR-199a-5p" 6137 1029 3805 2717 2006 4339 1378 1545 1482 621 277 218 674 330 1235 1226 2433 1679 2164 2052 2587 2564 5022 5052
"178" "mmu-miR-199b-3p" 12803 2534 22058 15401 10982 42389 4490 7901 10264 5756 1058 793 3370 1173 7536 8643 12804 6469 10090 12852 26960 13620 28073 15984
"179" "mmu-miR-199b-5p" 348 94 311 426 200 456 56 111 147 119 28 28 78 33 176 180 444 409 370 328 418 338 1199 1205
"180" "mmu-miR-19a-3p" 79 4 116 168 61 140 132 12 13 55 2 7 24 4 96 13 156 214 73 54 160 37 281 37
"181" "mmu-miR-19b-1-5p" 1 NA NA NA NA 3 NA NA NA 4 NA NA NA NA NA NA NA NA 1 NA NA NA 1 NA
"182" "mmu-miR-19b-3p" 530 123 781 1390 672 1366 1174 246 229 561 33 67 136 83 554 194 1171 1617 727 491 1679 602 2838 763
"183" "mmu-miR-1a-1-5p" 25 NA 2 1 NA 1 NA NA NA 1 NA NA NA NA NA NA 3 1 NA NA 8 23 NA 10
"184" "mmu-miR-1a-3p" 130561 305 9166 16640 7234 7776 1373 1120 4717 1849 367 438 7344 389 1886 2324 1855 26486 2621 12160 16738 78690 16070 12681
"185" "mmu-miR-200a-3p" 106197 16502 107363 87753 53620 83701 19851 42567 29849 19925 2612 3639 14555 5705 37906 24676 46733 25131 29918 52277 74529 33441 61012 39629
"186" "mmu-miR-200a-5p" 373 47 796 394 146 535 263 242 222 503 32 8 68 45 518 472 267 395 170 283 412 229 599 343
"187" "mmu-miR-200b-3p" 27729 7642 29173 25884 13770 76393 11185 17962 17184 20650 3892 1911 7127 2096 18969 22003 31850 18456 40428 28213 52706 21775 86026 52419
"188" "mmu-miR-200b-5p" 258 115 992 405 173 891 185 214 215 368 67 46 93 32 403 363 391 222 363 357 572 213 1053 441
"189" "mmu-miR-200c-3p" 44204 7881 61584 39966 24545 79924 20413 26839 21582 24510 5965 2801 9257 3480 31815 33151 32394 24669 43610 37347 55534 38141 91747 53741
"190" "mmu-miR-200c-5p" 31 7 47 10 31 11 NA 3 7 1 2 2 NA 1 NA 6 8 18 16 13 15 7 8 5
"191" "mmu-miR-201-5p" 11 3 3 28 19 8 26 6 3 1 NA 5 3 NA NA 2 6 NA 17 9 2 38 14 9
"192" "mmu-miR-202-5p" 38 4 39 184 24 35 134 11 36 8 NA 2 26 1 38 53 54 40 30 30 76 27 27 51
"193" "mmu-miR-203-3p" 626 291 1765 1500 577 3108 391 724 758 648 157 111 395 117 1437 1029 1882 1712 1641 1151 3412 1273 3479 1908
"194" "mmu-miR-203-5p" 3 1 45 11 1 16 NA 3 6 NA NA NA 2 1 NA 6 4 30 7 15 7 NA 14 15
"195" "mmu-miR-203b-3p" 1 NA NA NA NA 6 NA NA NA NA NA NA NA NA NA NA 1 14 1 NA 1 NA 2 NA
"196" "mmu-miR-204-3p" 5 2 7 6 NA 14 NA 2 3 5 NA NA 2 NA NA 3 7 NA 9 8 15 NA 25 3
"197" "mmu-miR-204-5p" 4515 955 8126 4263 1896 8089 1020 2234 2303 1977 401 149 856 302 2404 3502 3162 2478 3250 3303 4593 1446 9746 4926
"198" "mmu-miR-205-3p" 18 2 NA 20 6 25 70 12 5 NA NA NA 4 NA 31 5 12 9 10 12 20 NA 30 9
"199" "mmu-miR-205-5p" 1857 437 3042 1623 880 4748 514 1453 944 1083 247 81 498 115 1934 1172 1829 1361 1462 1739 3998 1919 7942 3773
"200" "mmu-miR-206-3p" 4021 NA 93 454 180 NA NA 1 80 NA 5 6 153 3 NA NA 1 228 4 113 3 1343 340 194
"201" "mmu-miR-208a-3p" 1 NA NA NA NA NA NA NA NA NA NA NA NA NA NA NA NA NA NA NA NA NA NA NA
"202" "mmu-miR-208b-3p" 104 NA NA NA 6 NA NA NA 1 NA NA NA NA NA NA NA NA 10 NA NA NA 3 NA NA
"203" "mmu-miR-208b-5p" 2 NA NA NA NA NA NA NA NA NA NA NA NA NA NA NA NA NA NA NA NA NA NA NA
"204" "mmu-miR-20a-3p" 4 NA NA 10 2 8 NA 3 3 3 NA NA NA NA NA NA 4 23 16 NA 3 NA 18 NA
"205" "mmu-miR-20a-5p" 511 53 358 487 262 1171 393 218 204 386 17 39 98 18 215 167 659 547 284 406 1366 192 1559 553
"206" "mmu-miR-20b-5p" 8 1 NA NA 11 22 25 4 2 NA NA NA 3 NA NA 3 9 NA 5 NA 8 2 10 NA
"207" "mmu-miR-210-3p" 199 26 122 90 108 295 33 89 80 41 8 9 83 16 166 14 166 89 176 197 155 80 254 217
"208" "mmu-miR-210-5p" 21 2 27 16 3 18 NA 4 3 2 1 NA 1 NA NA 7 20 NA 5 21 13 NA 28 36
"209" "mmu-miR-211-5p" 2 2 11 9 NA 11 NA 1 7 NA NA NA 4 3 NA 1 3 8 9 8 12 19 17 1
"210" "mmu-miR-212-3p" 3 NA NA 4 8 9 NA 1 4 NA NA NA NA NA NA NA 1 3 4 3 11 NA 7 NA
"211" "mmu-miR-212-5p" 5 1 11 7 6 19 NA 6 7 10 2 NA NA NA NA 1 4 7 17 10 19 38 26 18
"212" "mmu-miR-214-3p" 301 60 277 214 87 521 165 135 141 90 49 18 46 15 155 141 178 88 177 71 238 92 443 434
"213" "mmu-miR-214-5p" 175 26 133 117 68 217 NA 58 63 35 5 NA 12 5 NA 61 62 25 72 52 81 71 198 144
"214" "mmu-miR-215-3p" 7 NA NA 2 NA NA NA NA NA 1 NA NA 18 NA NA NA 9 NA 4 NA NA NA NA NA
"215" "mmu-miR-215-5p" 10 NA 7 8 NA 12 NA 7 4 3 2 NA 261 NA NA 4 129 NA 19 30 23 37 9 NA
"216" "mmu-miR-217-5p" 2 2 23 11 4 7 NA NA 2 NA 3 1 2 NA NA 4 NA NA 2 NA 6 6 9 NA
"217" "mmu-miR-218-1-3p" 5 2 3 1 1 1 NA 1 1 NA NA 3 NA NA NA NA NA 4 NA NA 1 NA NA NA
"218" "mmu-miR-218-5p" 470 84 900 639 396 1389 314 160 309 787 13 53 137 61 479 376 672 548 366 372 1271 345 1476 420
"219" "mmu-miR-219a-1-3p" 2 NA NA NA NA 2 NA NA NA NA NA NA NA NA NA NA NA NA NA NA NA NA 3 NA
"220" "mmu-miR-21a-3p" 32 14 24 11 17 32 NA 16 6 1 NA 2 NA 1 NA 1 15 20 5 18 19 13 31 NA
"221" "mmu-miR-21a-5p" 175026 32206 245738 231541 103216 294013 50593 82180 92271 53102 8947 12186 44040 17175 94797 109131 163077 116569 93550 130989 294535 98841 296365 147238
"222" "mmu-miR-22-3p" 40431 1462 23314 13667 11649 5572 4090 6556 5431 2961 238 665 1820 972 9015 3876 3950 14268 4101 15119 10973 9939 7233 8556
"223" "mmu-miR-22-5p" 279 15 410 421 187 548 25 93 135 176 15 14 55 32 193 156 233 165 231 361 553 167 784 176
"224" "mmu-miR-221-3p" 2787 608 6328 3604 2883 3980 1216 1554 1715 1138 400 218 674 442 2166 2559 2448 2150 3055 3288 4984 6155 10511 4692
"225" "mmu-miR-221-5p" 230 45 422 286 99 694 116 132 118 219 37 26 51 33 237 176 202 309 396 219 339 439 704 634
"226" "mmu-miR-222-3p" 2492 388 3614 1991 1665 3835 797 1046 1099 448 249 146 523 189 1359 902 1578 782 1863 1523 1946 3513 6531 3162
"227" "mmu-miR-222-5p" 5 1 NA 4 NA 6 NA 7 2 4 NA NA 4 NA 37 NA 5 NA 4 14 3 NA 1 NA
"228" "mmu-miR-223-3p" 192 96 765 587 295 888 298 186 237 103 63 19 110 49 237 268 399 384 408 398 511 217 1133 537
"229" "mmu-miR-223-5p" 11 4 69 41 34 44 24 6 21 25 5 3 3 1 NA 44 39 4 38 56 22 51 57 21
"230" "mmu-miR-224-3p" 1 NA NA 2 6 2 NA NA NA NA NA NA 1 NA NA NA NA NA NA NA NA NA NA 4
"231" "mmu-miR-224-5p" 7 5 8 1 NA 44 NA 5 11 20 NA NA 2 4 24 18 16 19 8 19 4 23 36 31
"232" "mmu-miR-23a-3p" 2946 1171 8024 4643 2818 9556 1584 2240 2817 1897 747 259 821 331 3195 3514 4534 3832 4587 3640 6293 4120 13045 7261
"233" "mmu-miR-23a-5p" 8 1 15 12 8 30 NA 11 8 16 1 NA 2 1 19 8 2 NA 15 14 14 NA 22 7
"234" "mmu-miR-23b-3p" 2781 863 4397 2665 1781 5329 789 1339 1496 964 373 145 470 237 1395 1754 2242 1510 2422 1996 3002 2888 7405 4560
"235" "mmu-miR-23b-5p" 4 NA 5 6 NA 18 NA NA 3 NA NA NA 1 NA NA 9 8 NA 10 NA 5 NA 13 NA
"236" "mmu-miR-24-1-5p" 192 16 45 136 118 141 NA 44 40 30 9 NA 23 NA 15 30 53 45 79 124 58 91 118 108
"237" "mmu-miR-24-2-5p" 1962 193 1978 2007 992 2564 571 643 593 364 61 55 256 124 1082 903 927 878 767 945 2091 505 2159 1133
"238" "mmu-miR-24-3p" 43024 5902 51106 28615 33062 25208 6104 25583 12360 3148 1218 2017 3559 2586 12635 9303 10062 10218 8589 33584 22116 27627 19156 14863
"239" "mmu-miR-25-3p" 2352 968 3487 3168 2545 3394 4651 2356 1839 2564 487 349 819 587 7791 4408 3705 7438 4019 3594 3485 3739 5387 7167
"240" "mmu-miR-26a-1-3p" 3 NA NA 1 5 4 NA NA NA NA NA NA NA NA NA NA NA NA NA NA 1 NA NA 5
"241" "mmu-miR-26a-2-3p" 12 3 5 13 12 42 NA 4 12 11 NA NA 2 1 NA 9 11 5 7 8 35 7 45 18
"242" "mmu-miR-26a-5p" 40654 10080 84515 44895 39138 121000 25773 34206 39670 29897 5574 3924 12596 5495 42467 53288 54577 45806 42887 47528 85104 67801 148148 77364
"243" "mmu-miR-26b-3p" 8 2 7 5 NA 14 NA 5 4 5 1 NA NA NA NA 4 6 NA 3 5 11 NA 21 9
"244" "mmu-miR-26b-5p" 1168 358 2179 1268 1325 4539 1119 991 1176 1479 173 138 357 281 868 1057 1805 1370 1564 1685 3883 3330 6680 2306
"245" "mmu-miR-27a-3p" 5683 755 8204 4527 3569 4446 1850 2133 2723 981 177 244 872 301 3337 1770 2336 3224 1713 3368 3598 2262 4692 2573
"246" "mmu-miR-27a-5p" 44 11 3 26 13 35 NA 13 4 2 2 1 NA 3 52 20 27 12 13 28 21 NA 42 40
"247" "mmu-miR-27b-3p" 11494 2428 18430 15175 9458 18937 6012 7926 8330 7106 725 770 2501 1156 9303 10185 8900 7021 7904 10263 14583 9289 25826 10754
"248" "mmu-miR-27b-5p" 43 11 52 52 14 62 NA 20 14 15 7 1 13 9 77 30 17 7 36 55 50 13 80 64
"249" "mmu-miR-28a-3p" 122 48 93 75 86 113 21 47 32 100 20 5 28 28 187 60 48 221 68 54 92 130 257 254
"250" "mmu-miR-28a-5p" 434 109 539 302 358 755 209 305 211 237 61 32 85 43 306 302 345 161 336 387 511 568 932 660
"251" "mmu-miR-28c" 6 5 37 9 NA 20 NA 9 3 6 2 NA 5 NA NA 15 9 NA 11 4 21 38 48 6
"252" "mmu-miR-291a-3p" 1 NA NA 4 NA NA NA NA NA 1 NA NA NA NA NA NA 3 NA NA NA 2 NA NA NA
"253" "mmu-miR-293-3p" 10 NA 20 30 5 19 44 3 11 3 1 NA 5 NA NA 9 25 NA 12 20 23 8 19 11
"254" "mmu-miR-293-5p" 6 2 46 36 5 10 NA 11 5 7 2 2 8 5 7 18 39 38 12 29 40 NA 9 12
"255" "mmu-miR-294-3p" 3 NA 24 5 8 5 NA 2 4 1 1 1 3 NA NA NA 11 26 8 6 11 6 9 NA
"256" "mmu-miR-295-3p" 1 2 4 NA NA 2 NA 2 1 NA NA 1 1 NA NA 2 3 NA 3 11 8 5 6 16
"257" "mmu-miR-296-5p" 11 8 48 48 21 20 68 9 8 16 6 NA 2 11 NA 8 55 76 71 19 54 38 60 34
"258" "mmu-miR-297a-3p" 3 NA 7 8 7 6 NA 2 3 1 NA NA 4 1 NA 2 10 NA 8 16 NA NA 7 NA
"259" "mmu-miR-297a-5p" 8 2 NA 6 NA 8 NA NA 2 6 NA NA 3 NA 22 2 1 12 3 NA 5 NA 4 NA
"260" "mmu-miR-297b-3p" 3 NA 7 8 7 6 NA 2 3 1 NA NA 4 1 NA 2 10 NA 8 16 NA NA 7 NA
"261" "mmu-miR-297b-5p" 16 NA 30 12 13 9 NA 10 3 6 1 NA 2 NA NA NA 3 10 3 4 32 NA 7 17
"262" "mmu-miR-297c-3p" 3 NA 7 8 7 6 NA 2 3 1 NA NA 4 1 NA 2 10 NA 8 16 NA NA 7 NA
"263" "mmu-miR-298-5p" 1 NA NA 8 3 3 NA 3 1 2 NA NA NA 3 NA 23 5 7 NA 11 9 NA 5 8
"264" "mmu-miR-299a-3p" 17 NA 12 21 15 24 32 2 6 14 1 NA 3 3 37 10 11 25 5 18 19 11 33 15
"265" "mmu-miR-299a-5p" 5 1 32 15 3 18 NA 7 5 2 4 NA 1 1 7 10 22 14 21 5 30 7 27 31
"266" "mmu-miR-29a-3p" 37523 9102 73285 76132 42757 74825 19943 21211 19485 15251 1900 2316 10374 3236 30696 19636 29704 24191 28347 36252 55550 28224 87145 28779
"267" "mmu-miR-29a-5p" 13 1 40 27 25 39 NA 13 10 14 NA 1 4 3 29 3 21 28 17 8 33 2 53 52
"268" "mmu-miR-29b-1-5p" 4 5 15 15 2 24 16 1 4 5 1 NA 1 NA 35 2 8 1 1 8 13 4 19 23
"269" "mmu-miR-29b-2-5p" 11 3 20 40 15 42 12 6 10 12 6 NA 10 9 NA 8 32 5 38 11 40 5 89 63
"270" "mmu-miR-29b-3p" 3439 1043 3406 1876 1720 1921 1664 903 559 2176 57 81 390 175 3263 549 768 2654 922 1477 1574 1486 1616 1113
"271" "mmu-miR-29c-3p" 1051 354 2348 1073 1082 1290 539 459 319 757 19 42 257 95 1321 273 600 1088 411 798 1501 382 1832 491
"272" "mmu-miR-29c-5p" 34 4 34 44 23 66 NA 6 16 14 1 NA 10 NA 72 9 26 26 13 22 45 28 60 24
"273" "mmu-miR-300-3p" 33 6 64 38 18 23 38 13 19 14 3 NA 2 4 62 22 23 36 32 42 42 3 44 31
"274" "mmu-miR-301a-3p" 19 NA 33 23 6 20 NA 1 9 7 2 NA 4 NA 20 14 22 51 5 3 35 NA 25 1
"275" "mmu-miR-301a-5p" 2 1 NA 18 5 8 NA 4 3 NA NA NA 5 NA NA 2 11 NA 6 6 14 NA 16 3
"276" "mmu-miR-301b-3p" 5 NA NA 8 1 5 NA NA NA NA NA NA NA 1 NA NA 6 5 NA NA 10 NA 1 NA
"277" "mmu-miR-301b-5p" 3 NA NA NA NA NA NA NA NA NA NA NA NA NA NA NA NA NA NA NA NA NA NA NA
"278" "mmu-miR-3066-5p" 2 2 NA 4 1 1 NA NA 2 9 NA NA NA NA 3 NA NA 21 4 5 9 7 7 11
"279" "mmu-miR-3068-3p" 148 14 14 78 41 284 75 52 38 48 5 1 20 4 16 52 112 50 138 91 220 54 200 203
"280" "mmu-miR-3068-5p" 169 9 103 39 32 147 NA 33 17 42 NA 5 14 NA NA 13 48 76 62 26 131 52 107 36
"281" "mmu-miR-3072-3p" 1 NA 12 3 NA NA NA NA NA NA NA NA NA NA NA 11 2 NA NA NA 1 NA 8 19
"282" "mmu-miR-3074-1-3p" 2 1 NA 5 NA 1 NA NA 2 NA NA NA NA NA NA NA NA NA 1 NA NA NA 3 4
"283" "mmu-miR-3074-5p" 1 2 21 3 NA 15 NA 2 1 NA 1 NA 2 NA NA NA 7 10 6 NA 1 4 1 26
"284" "mmu-miR-3081-3p" 1 NA 3 1 NA 3 33 NA 1 5 NA NA NA NA NA NA NA NA NA 13 3 NA 6 3
"285" "mmu-miR-3082-3p" 3 NA NA 2 NA 2 NA 1 NA 1 NA NA NA NA NA NA NA NA 4 NA 2 NA NA NA
"286" "mmu-miR-3084-3p" 9 2 10 3 NA 5 NA 7 NA 1 1 NA NA NA NA NA 8 17 6 NA 16 7 9 21
"287" "mmu-miR-3084-5p" 3 7 5 18 2 29 NA 5 13 4 2 NA 4 NA NA 2 5 6 3 6 31 40 18 11
"288" "mmu-miR-3087-3p" 3 1 NA NA 6 6 NA NA 1 NA 1 NA NA NA NA NA NA NA 1 NA NA NA 6 NA
"289" "mmu-miR-3088-3p" 5 1 NA 6 NA 2 NA NA NA NA NA NA NA NA NA NA 7 NA 2 7 10 NA 6 NA
"290" "mmu-miR-3089-3p" 4 1 NA NA 2 4 NA NA 1 3 NA NA 4 2 NA NA NA NA 10 NA NA NA 9 14
"291" "mmu-miR-3095-3p" 3 NA 19 5 NA 10 NA 1 NA 1 NA NA NA NA NA 6 NA NA NA 4 NA NA NA NA
"292" "mmu-miR-30a-3p" 604 264 913 555 787 1239 2019 599 508 1258 150 119 224 161 3578 889 826 3495 726 690 852 2086 2198 2128
"293" "mmu-miR-30a-5p" 17604 4136 48921 50354 21025 49471 22160 10396 14110 16445 843 1656 7574 2834 33973 21720 25808 31295 15762 20622 44613 22042 56440 21323
"294" "mmu-miR-30b-3p" 34 8 16 6 6 41 NA 16 9 23 8 3 1 1 NA 2 11 24 17 2 27 10 42 48
"295" "mmu-miR-30b-5p" 9463 2787 11518 11170 9156 12589 3889 5352 3949 2454 825 698 1747 737 5540 3821 7351 6212 8569 5965 8074 8220 21383 14240
"296" "mmu-miR-30c-1-3p" 12 2 15 NA NA 22 NA 3 8 2 1 NA 3 3 NA 6 5 NA 6 14 10 10 15 7
"297" "mmu-miR-30c-2-3p" 87 21 159 84 85 193 21 63 65 110 16 8 17 15 177 119 112 238 80 69 153 152 260 124
"298" "mmu-miR-30c-5p" 12164 3556 11732 8448 6371 13170 4182 6232 4223 1432 1827 632 2238 952 4292 4776 9259 4617 10108 6727 8933 8129 24961 20850
"299" "mmu-miR-30d-3p" 19 2 13 13 13 33 NA 8 7 9 NA 3 5 4 NA 12 15 33 10 19 37 37 32 4
"300" "mmu-miR-30d-5p" 13047 4773 31200 30584 14358 35052 11684 9033 10386 6913 1804 1142 4228 1690 18598 19878 18098 14868 16095 16403 22624 15644 41582 22463
"301" "mmu-miR-30e-3p" 464 189 521 382 408 624 928 399 267 598 84 58 140 125 2185 528 515 2463 497 555 526 741 1127 966
"302" "mmu-miR-30e-5p" 3562 511 7027 5645 3531 4651 2302 1089 1419 850 94 182 948 163 1988 997 2387 2617 1385 1775 3536 1997 4921 1829
"303" "mmu-miR-31-3p" 1 1 NA 2 8 1 NA NA NA 13 1 NA 10 NA NA NA 1 NA NA NA NA NA 1 7
"304" "mmu-miR-31-5p" 323 46 980 463 261 567 60 140 134 208 32 17 76 17 462 228 221 337 245 212 338 195 681 237
"305" "mmu-miR-3102-3p" 2 NA NA 5 10 2 NA 1 NA 3 1 NA 1 2 NA NA 1 10 1 9 2 8 10 9
"306" "mmu-miR-3112-5p" 2 NA NA NA NA 1 NA NA NA NA NA NA 1 NA NA 1 NA NA NA NA 3 NA NA NA
"307" "mmu-miR-32-3p" 14 7 39 37 23 35 NA 6 23 28 1 4 11 3 16 34 23 12 12 64 87 16 65 8
"308" "mmu-miR-32-5p" 523 49 660 286 167 198 181 64 83 99 10 10 49 23 245 76 145 438 99 245 317 69 154 87
"309" "mmu-miR-320-3p" 155 56 594 279 186 710 210 135 168 266 43 12 57 21 291 402 281 210 298 233 594 190 735 411
"310" "mmu-miR-322-3p" 68 38 157 99 66 197 54 101 69 39 8 21 24 7 17 91 154 31 65 110 175 74 224 143
"311" "mmu-miR-322-5p" 159 13 188 125 97 194 161 63 57 44 5 3 25 7 104 67 131 180 42 67 282 60 267 78
"312" "mmu-miR-324-5p" 88 14 104 136 31 123 13 28 52 79 4 2 24 8 63 40 91 14 52 49 94 75 197 27
"313" "mmu-miR-326-3p" 19 3 90 72 8 48 NA 16 8 5 5 1 3 2 NA 16 42 57 44 15 65 27 143 118
"314" "mmu-miR-328-3p" 120 38 469 104 62 278 NA 48 72 60 42 12 27 19 78 79 109 55 211 112 227 106 467 370
"315" "mmu-miR-329-3p" 14 6 49 10 1 32 NA 10 16 3 2 NA NA 1 NA 8 17 50 16 17 9 6 40 40
"316" "mmu-miR-329-5p" 3 NA NA 14 23 5 NA 3 2 1 NA NA 1 NA 24 7 5 NA 10 11 12 NA 29 1
"317" "mmu-miR-33-3p" 6 1 NA 1 NA 5 NA NA 5 5 3 1 NA NA 22 NA 2 28 3 NA 3 NA 18 17
"318" "mmu-miR-33-5p" 9 2 10 9 NA 2 NA 2 5 13 NA 1 3 NA NA NA 2 3 NA NA 3 NA 1 NA
"319" "mmu-miR-330-3p" 56 2 52 21 17 64 NA 13 15 3 6 NA 20 6 25 40 30 17 48 23 44 17 63 32
"320" "mmu-miR-330-5p" 37 3 44 12 9 33 NA 16 11 6 NA 1 1 4 31 8 18 19 25 16 18 23 36 30
"321" "mmu-miR-331-3p" 94 2 91 41 53 68 108 6 14 3 3 4 8 4 NA 14 50 19 52 21 52 6 68 51
"322" "mmu-miR-331-5p" 11 NA 8 3 NA 7 NA 2 1 4 NA NA NA NA NA NA 1 NA 7 4 2 NA 4 NA
"323" "mmu-miR-335-3p" 11 11 52 24 94 143 67 19 94 22 12 15 21 9 16 125 61 68 62 54 46 78 84 130
"324" "mmu-miR-335-5p" 505 207 571 599 638 1440 193 294 593 123 55 53 160 52 223 384 728 530 561 640 983 1152 807 767
"325" "mmu-miR-337-5p" 92 27 195 107 157 213 34 94 82 34 16 19 16 16 92 60 82 100 52 152 90 146 156 191
"326" "mmu-miR-338-3p" 77 13 33 21 20 32 NA 23 12 9 2 7 1 3 25 4 15 22 3 30 26 37 25 31
"327" "mmu-miR-338-5p" 31 NA 116 28 12 70 NA 18 19 14 5 NA 5 3 83 25 24 26 39 44 65 49 70 73
"328" "mmu-miR-339-3p" 76 24 113 82 53 96 18 29 23 31 9 1 20 8 60 40 64 31 60 48 47 12 147 103
"329" "mmu-miR-339-5p" 303 144 437 372 174 420 65 176 205 107 93 37 73 28 151 175 435 268 567 324 493 163 1421 924
"330" "mmu-miR-340-3p" 168 32 422 215 126 345 159 189 137 132 38 19 50 14 64 246 269 203 223 324 503 377 589 224
"331" "mmu-miR-340-5p" 1710 364 5291 6058 2167 5279 2721 1383 1493 3029 105 334 1165 413 5124 2560 5540 5554 2776 3538 10533 2084 8673 2803
"332" "mmu-miR-342-3p" 143 47 398 239 128 504 146 137 88 50 55 3 39 16 56 174 218 137 250 90 195 186 749 582
"333" "mmu-miR-342-5p" 10 3 3 8 9 27 NA 1 4 4 NA NA 5 NA NA 3 6 NA 5 17 18 25 21 NA
"334" "mmu-miR-344-3p" 9 4 3 9 8 22 NA 2 5 12 NA 2 3 3 NA NA 12 NA 9 14 18 22 16 NA
"335" "mmu-miR-344d-3p" 1 NA NA NA NA 1 NA NA NA NA NA NA NA NA NA NA NA NA NA NA NA NA NA NA
"336" "mmu-miR-345-3p" 16 NA 4 14 19 12 NA 2 NA 4 1 NA 3 NA 22 3 3 12 3 NA 8 3 20 1
"337" "mmu-miR-345-5p" 22 13 17 22 12 30 NA 6 22 8 4 2 9 1 69 18 36 36 46 9 8 31 65 89
"338" "mmu-miR-3470a" 1 NA 2 2 NA NA 37 NA NA NA NA NA NA NA NA NA 1 NA NA 2 NA NA 4 NA
"339" "mmu-miR-3473b" 3 4 125 9 3 22 NA 2 1 2 NA NA 1 NA NA 2 8 31 2 6 6 NA 24 20
"340" "mmu-miR-3473d" 1 NA NA NA NA 1 NA NA 1 3 NA NA NA NA NA 1 NA NA NA NA NA NA 6 NA
"341" "mmu-miR-3474" 4 NA NA NA NA NA NA NA 2 3 NA NA NA NA NA 3 2 NA NA NA NA NA 4 NA
"342" "mmu-miR-3475-3p" 1 NA NA 3 NA 8 NA NA 2 3 NA NA 1 NA NA 10 2 NA 6 1 NA NA 3 6
"343" "mmu-miR-34a-5p" 797 67 550 418 510 1127 180 372 292 237 33 38 207 47 234 95 484 403 335 961 1317 646 1245 1066
"344" "mmu-miR-34b-3p" 1277 278 4399 2520 896 2040 760 724 660 288 217 106 369 176 1683 1181 2223 1623 1766 1861 2903 1654 2036 2636
"345" "mmu-miR-34b-5p" 72 2 119 93 44 69 51 6 16 56 NA 3 24 5 NA 38 77 102 30 35 105 NA 109 37
"346" "mmu-miR-34c-3p" 147 32 299 417 77 194 259 67 92 54 32 7 36 34 384 200 418 338 278 194 316 203 331 393
"347" "mmu-miR-34c-5p" 6704 621 9215 16867 3425 8344 3867 1993 3384 2192 329 322 1221 540 3738 3191 11191 6284 5946 4946 12032 2252 6944 3565
"348" "mmu-miR-350-3p" 63 12 24 74 31 40 62 8 22 32 1 5 11 8 107 51 68 390 79 42 78 106 81 83
"349" "mmu-miR-351-5p" 45 17 91 55 50 88 NA 41 22 44 10 5 12 1 90 37 65 41 45 11 102 26 220 83
"350" "mmu-miR-3535" 238 63 519 253 172 341 83 128 127 255 26 41 105 77 338 156 185 282 233 206 324 120 535 355
"351" "mmu-miR-361-3p" 206 91 476 487 245 482 400 245 195 197 55 38 75 34 522 410 288 281 311 371 426 261 666 440
"352" "mmu-miR-361-5p" 352 138 886 518 401 816 72 239 294 186 68 26 126 40 443 364 389 203 417 499 625 435 1033 868
"353" "mmu-miR-362-3p" 181 29 538 280 90 263 NA 63 84 91 4 16 43 31 207 85 178 124 97 131 393 85 338 68
"354" "mmu-miR-362-5p" 30 21 131 136 75 195 NA 34 47 76 9 9 37 15 26 70 121 172 128 121 191 91 562 290
"355" "mmu-miR-363-3p" 2 1 11 21 9 25 NA 5 3 5 3 NA 2 NA NA 7 5 NA 3 NA NA NA 12 7
"356" "mmu-miR-365-3p" 61 8 114 86 45 156 6 27 42 63 25 4 21 14 113 58 98 224 171 77 178 155 315 419
"357" "mmu-miR-369-3p" 16 5 50 146 20 122 63 35 30 68 8 8 8 10 114 74 114 143 78 53 156 81 187 49
"358" "mmu-miR-369-5p" 22 10 64 36 66 39 NA 17 8 6 5 NA 2 1 NA 9 23 NA 27 9 14 42 24 64
"359" "mmu-miR-370-3p" 15 5 11 2 4 2 NA 3 NA NA NA 1 NA 3 45 6 2 NA 3 5 3 NA 11 NA
"360" "mmu-miR-374b-5p" 544 210 1520 766 612 967 419 222 330 199 34 45 112 57 224 159 314 283 355 449 719 561 821 706
"361" "mmu-miR-375-3p" 3126 793 12529 5224 2783 13704 7288 3894 3808 9423 952 345 1035 449 15708 5162 7668 13789 3938 6266 15717 2781 13824 6795
"362" "mmu-miR-376a-3p" 1 NA 30 6 NA 6 6 3 3 1 NA NA 2 NA NA NA NA NA NA 16 9 NA 2 9
"363" "mmu-miR-376a-5p" 4 3 15 3 NA 9 NA 6 1 NA NA 3 1 NA NA NA 6 NA 1 4 7 14 8 9
"364" "mmu-miR-376b-3p" 10 9 69 20 NA 24 NA 2 7 1 NA NA 5 2 21 12 9 1 11 27 17 NA 19 12
"365" "mmu-miR-376b-5p" 90 13 43 66 32 35 NA 15 28 4 1 4 8 5 30 16 15 22 15 49 42 124 34 19
"366" "mmu-miR-376c-3p" 41 16 73 118 96 87 75 45 45 14 5 5 18 14 125 71 49 73 42 57 99 71 89 89
"367" "mmu-miR-377-3p" 4 NA 10 5 NA 1 NA NA 1 2 NA NA NA NA NA NA 3 9 NA NA NA NA NA NA
"368" "mmu-miR-378a-3p" 1998 75 259 388 135 505 10 93 153 114 50 11 156 23 197 138 246 698 273 215 351 707 1170 813
"369" "mmu-miR-378a-5p" 107 12 19 43 12 40 NA 8 7 10 NA 3 5 NA 28 5 11 68 32 13 43 42 57 68
"370" "mmu-miR-378b" 13 1 NA 1 NA 5 NA NA 1 NA NA NA NA NA NA 5 1 1 12 1 4 NA 11 NA
"371" "mmu-miR-378c" 258 8 65 73 22 97 NA 10 23 18 8 3 28 7 44 25 56 169 85 49 53 81 324 126
"372" "mmu-miR-379-3p" 28 4 56 28 22 42 67 18 13 6 2 4 7 3 50 18 17 9 29 1 21 40 50 61
"373" "mmu-miR-379-5p" 911 183 2535 1817 927 1309 1079 635 779 707 62 73 243 160 2429 1036 747 2243 677 2084 1728 1442 1234 972
"374" "mmu-miR-380-3p" 16 1 5 10 NA 16 NA 4 4 NA NA NA NA NA 18 4 7 16 3 NA 7 31 13 13
"375" "mmu-miR-380-5p" 4 NA NA 1 NA 3 NA NA NA NA NA 4 1 NA 25 NA NA NA 6 NA 8 NA 8 NA
"376" "mmu-miR-381-3p" 68 3 36 26 44 24 41 14 12 9 1 1 5 NA 49 8 21 3 21 14 24 4 39 31
"377" "mmu-miR-382-5p" 28 12 96 113 36 122 NA 28 39 42 6 3 17 2 101 99 51 43 56 102 94 122 158 108
"378" "mmu-miR-384-3p" 4 NA 1 1 NA 6 NA 1 1 2 NA NA 1 NA 15 NA 2 NA 4 NA 2 17 17 NA
"379" "mmu-miR-409-3p" 6 4 19 25 15 41 13 11 10 10 1 NA 2 1 NA 36 27 69 14 21 12 51 57 31
"380" "mmu-miR-409-5p" 9 3 84 25 16 26 NA 7 9 16 1 NA 2 NA NA 13 29 NA 25 23 40 4 78 41
"381" "mmu-miR-410-3p" 43 10 56 59 50 18 NA 15 15 2 7 1 11 5 27 16 22 8 19 11 29 40 41 98
"382" "mmu-miR-411-3p" 31 4 35 39 15 91 24 26 24 12 7 4 7 NA 34 6 32 25 35 32 24 61 80 50
"383" "mmu-miR-411-5p" 807 137 1634 932 1052 868 538 426 347 171 50 60 146 78 514 431 388 509 372 878 780 695 725 569
"384" "mmu-miR-412-5p" 1 NA NA 1 NA 1 NA NA 1 NA NA NA 1 NA NA NA 4 NA 2 3 NA NA 3 3
"385" "mmu-miR-421-3p" 66 6 158 63 71 144 NA 31 37 32 7 NA 12 2 47 30 61 70 57 115 145 22 145 104
"386" "mmu-miR-423-3p" 648 124 2280 1119 488 1045 724 473 433 533 121 56 149 90 534 849 656 521 624 799 1019 364 1697 808
"387" "mmu-miR-423-5p" 152 30 495 205 126 732 61 91 122 268 26 8 36 21 78 202 205 290 172 195 444 107 540 246
"388" "mmu-miR-425-5p" 3326 626 3405 4296 1360 5255 1726 1516 1502 1141 486 121 561 272 3065 2784 3996 2960 3730 2085 3428 1467 6057 4110
"389" "mmu-miR-429-3p" 16260 1405 16409 14174 7540 22154 2789 6414 7179 4036 698 380 2567 585 5944 4904 9842 4600 7836 10179 19613 6511 18639 8693
"390" "mmu-miR-431-5p" 13 NA 5 41 59 35 NA 15 18 2 4 NA 1 3 NA 35 16 56 15 39 18 NA 41 42
"391" "mmu-miR-433-3p" 11 6 NA 5 3 23 NA 4 5 13 1 NA 1 NA 36 18 19 21 7 5 25 14 51 45
"392" "mmu-miR-433-5p" 3 NA 9 1 NA 6 NA 1 2 NA 2 NA NA NA NA NA 3 NA 3 NA 8 NA 10 NA
"393" "mmu-miR-434-3p" 190 70 437 269 171 562 50 108 189 81 65 17 55 21 351 276 337 331 425 312 320 353 1016 882
"394" "mmu-miR-434-5p" 50 4 130 148 65 141 24 45 55 23 2 3 14 10 43 73 93 112 55 54 151 79 157 92
"395" "mmu-miR-449a-5p" 284 46 606 720 302 406 285 97 215 171 17 24 90 53 266 181 614 631 283 375 1092 272 524 372
"396" "mmu-miR-450a-1-3p" 6 NA 12 NA NA 6 NA 2 1 1 NA NA NA NA NA NA NA NA 3 9 10 NA 15 16
"397" "mmu-miR-450a-5p" 70 14 115 107 32 286 50 27 58 51 6 NA 19 6 16 25 135 86 90 75 349 88 275 111
"398" "mmu-miR-450b-3p" 24 2 42 12 10 46 NA 9 5 6 2 3 5 NA NA 8 12 NA 5 14 65 NA 30 39
"399" "mmu-miR-450b-5p" 1 NA NA 4 NA 2 NA 4 NA NA NA NA NA NA NA NA 4 9 NA NA 1 NA 13 NA
"400" "mmu-miR-451a" 471 440 680 1871 308 2686 630 491 496 224 295 67 168 87 280 371 740 1037 1186 607 1053 354 1287 535
"401" "mmu-miR-452-3p" 2 NA 6 NA NA NA NA NA 1 1 NA NA NA NA NA NA 3 12 NA NA NA NA 7 NA
"402" "mmu-miR-455-3p" 29 9 172 62 14 168 53 16 25 15 17 2 11 2 19 19 50 40 57 25 62 42 168 96
"403" "mmu-miR-455-5p" 23 4 27 12 27 44 NA 9 12 11 NA NA 4 NA NA 5 10 NA 14 9 23 NA 33 24
"404" "mmu-miR-463-3p" 17 NA 35 14 3 11 NA NA 1 5 NA NA NA NA NA NA 17 16 1 NA 38 NA NA NA
"405" "mmu-miR-463-5p" 47 7 18 140 89 65 31 19 32 22 8 5 18 10 157 38 106 78 80 54 169 126 89 119
"406" "mmu-miR-465a-3p" 308 100 750 466 170 444 705 224 179 194 90 14 85 52 573 476 639 710 719 439 594 414 503 769
"407" "mmu-miR-465a-5p" 488 157 767 1746 287 773 308 356 275 262 106 54 227 96 809 696 1519 1298 1982 968 1540 627 844 1392
"408" "mmu-miR-465b-3p" 308 100 750 466 170 444 705 224 179 194 90 14 85 52 573 476 639 710 719 439 594 414 503 769
"409" "mmu-miR-465b-5p" 107 53 462 747 120 398 534 154 207 329 40 23 96 43 653 489 646 971 569 434 1200 609 508 457
"410" "mmu-miR-465c-3p" 308 100 750 466 170 444 705 224 179 194 90 14 85 52 573 476 639 710 719 439 594 414 503 769
"411" "mmu-miR-465c-5p" 184 117 791 993 203 609 1184 242 310 493 72 45 124 74 1108 911 1048 1339 1001 772 1305 756 802 729
"412" "mmu-miR-466a-3p" 332 47 736 397 115 520 NA 123 122 108 37 29 45 51 265 197 421 417 272 243 555 205 1029 332
"413" "mmu-miR-466a-5p" 4 4 7 8 NA 5 NA NA 1 2 1 NA NA NA NA NA 3 24 3 1 1 NA 6 NA
"414" "mmu-miR-466b-3p" 244 29 465 232 62 323 NA 86 84 59 21 11 28 26 99 119 268 269 175 132 343 149 600 147
"415" "mmu-miR-466b-5p" 3 NA NA 5 NA 2 NA NA 2 3 NA NA NA NA 43 NA 5 NA 5 NA 3 NA 4 NA
"416" "mmu-miR-466c-3p" 244 29 465 232 62 323 NA 86 84 59 21 11 28 26 99 119 268 269 175 132 343 149 600 147
"417" "mmu-miR-466c-5p" 50 10 50 61 12 40 59 17 10 40 4 2 6 2 18 10 28 79 14 36 43 5 69 15
"418" "mmu-miR-466d-3p" 19 7 36 50 19 60 NA 8 14 27 8 6 10 5 51 7 61 49 46 48 76 NA 108 42
"419" "mmu-miR-466e-3p" 332 47 736 397 115 520 NA 123 122 108 37 29 45 51 265 197 421 417 272 243 555 205 1029 332
"420" "mmu-miR-466f-3p" 3 NA 6 NA NA NA NA NA 2 NA NA NA NA NA NA NA 2 NA NA 3 2 NA 7 NA
"421" "mmu-miR-466g" 10 NA NA 10 NA 12 NA 3 10 NA NA NA NA NA 51 6 14 3 3 12 4 NA 5 NA
"422" "mmu-miR-466h-5p" 7 4 NA 14 10 13 NA 6 5 5 NA NA NA NA NA NA 2 NA 7 NA 3 NA 22 NA
"423" "mmu-miR-466i-3p" 6 1 43 4 5 5 NA 1 3 1 1 NA NA NA NA 3 9 NA 5 10 19 NA 12 9
"424" "mmu-miR-466m-3p" 3 NA NA NA NA 5 NA NA 2 3 NA NA NA NA NA NA 4 NA 2 NA 7 NA NA NA
"425" "mmu-miR-466n-3p" 17 2 31 26 8 22 NA 5 7 10 3 NA 2 2 18 16 25 12 18 31 49 11 35 26
"426" "mmu-miR-466o-5p" 3 NA NA 5 NA 2 NA NA 2 3 NA NA NA NA 43 NA 5 NA 5 NA 3 NA 4 NA
"427" "mmu-miR-466p-3p" 244 29 465 232 62 323 NA 86 84 59 21 11 28 26 99 119 268 269 175 132 343 149 600 147
"428" "mmu-miR-466p-5p" 4 4 7 8 NA 5 NA NA 1 2 1 NA NA NA NA NA 3 24 3 1 1 NA 6 NA
"429" "mmu-miR-467a-3p" 42 15 51 54 11 54 72 32 27 28 3 3 18 12 8 28 104 138 57 38 75 78 169 69
"430" "mmu-miR-467a-5p" 2569 377 1602 686 1007 608 375 542 304 302 33 85 135 95 891 288 345 753 504 1035 745 509 520 652
"431" "mmu-miR-467b-5p" 72 21 152 98 95 209 19 60 42 50 8 1 17 4 125 47 80 29 106 70 142 51 119 56
"432" "mmu-miR-467c-3p" 1 NA NA 3 NA 8 NA 5 1 2 NA NA NA 1 22 2 5 13 1 13 NA NA 4 5
"433" "mmu-miR-467c-5p" 404 64 558 314 281 261 10 210 132 106 17 20 45 24 79 173 147 155 255 379 441 152 277 170
"434" "mmu-miR-467d-3p" 76 34 74 122 25 119 156 69 47 51 15 11 33 17 91 91 181 200 128 73 171 82 306 141
"435" "mmu-miR-467d-5p" 295 29 237 117 72 162 1 66 69 45 17 10 7 9 19 63 104 115 158 100 111 27 160 127
"436" "mmu-miR-467e-3p" 4 NA NA 8 NA 13 NA 5 3 5 NA 2 NA 1 22 11 18 48 5 7 3 NA 19 15
"437" "mmu-miR-467e-5p" 955 122 1502 1308 649 1325 341 478 558 434 41 77 156 70 519 414 715 805 812 1023 1905 573 1307 519
"438" "mmu-miR-468-5p" 2 NA NA 7 7 7 NA 3 6 2 NA NA NA NA 67 25 14 21 3 25 42 17 15 15
"439" "mmu-miR-470-3p" 8 2 29 15 1 5 NA 4 3 4 3 NA 9 NA 41 4 15 26 12 4 11 2 17 25
"440" "mmu-miR-470-5p" 203 75 605 403 79 379 488 78 129 242 56 9 59 32 685 433 427 989 431 271 432 333 520 835
"441" "mmu-miR-471-3p" 156 36 72 162 49 133 49 39 43 38 6 4 7 6 66 27 134 72 141 51 188 60 77 102
"442" "mmu-miR-471-5p" 260 35 509 655 135 638 470 143 196 235 20 19 92 28 443 209 801 670 623 335 1111 174 562 268
"443" "mmu-miR-484" 65 24 135 107 78 262 NA 48 61 56 19 6 23 13 NA 65 102 58 100 126 186 53 366 134
"444" "mmu-miR-485-3p" 2 1 NA 8 NA 3 NA 1 NA NA NA NA NA NA NA NA 2 NA NA NA 4 NA NA NA
"445" "mmu-miR-485-5p" 2 3 NA 6 NA 12 NA 4 1 8 3 NA NA NA NA 6 NA NA NA NA 8 4 5 NA
"446" "mmu-miR-486a-3p" 4 5 NA 2 NA 26 NA 1 1 NA NA NA 6 NA NA NA NA NA 4 2 23 NA 1 1
"447" "mmu-miR-486a-5p" 263 48 391 211 40 573 182 54 72 42 131 3 35 20 32 166 111 132 203 109 407 81 354 461
"448" "mmu-miR-486b-5p" 263 48 391 211 40 573 182 54 72 42 131 3 35 20 32 166 111 132 203 109 407 81 354 461
"449" "mmu-miR-487b-3p" 9 NA 19 30 14 27 NA 6 11 10 NA NA 6 NA 5 18 15 14 38 10 27 38 37 NA
"450" "mmu-miR-488-3p" 9 NA NA NA NA 1 NA NA NA NA NA NA NA NA 6 NA 1 NA NA NA 2 10 NA NA
"451" "mmu-miR-489-3p" 1 NA NA NA NA 1 NA NA NA 2 NA NA NA NA NA NA NA NA NA NA NA NA NA NA
"452" "mmu-miR-491-5p" 1 NA NA NA NA 3 NA NA 1 1 NA NA NA NA NA NA NA NA 3 NA NA 15 5 NA
"453" "mmu-miR-493-3p" 3 NA NA NA NA NA NA NA NA NA NA NA NA NA NA NA NA NA NA NA NA NA NA NA
"454" "mmu-miR-494-3p" 1 NA 3 11 1 13 NA 4 NA 2 NA NA NA NA NA 3 3 19 4 10 NA NA 4 NA
"455" "mmu-miR-495-3p" 11 3 29 19 15 59 NA 24 10 5 NA 5 5 NA 66 11 10 7 7 21 19 NA 44 8
"456" "mmu-miR-496a-3p" 2 5 25 11 14 27 NA 3 13 4 1 NA NA 2 NA 6 7 3 7 NA 25 15 18 35
"457" "mmu-miR-497a-5p" 2105 252 997 1170 1034 1333 287 628 560 393 37 74 202 98 840 401 603 847 528 701 1169 536 1424 892
"458" "mmu-miR-499-3p" 6 NA NA NA NA NA NA NA NA NA NA NA NA NA NA NA NA NA NA NA NA NA NA NA
"459" "mmu-miR-499-5p" 579 2 41 123 28 22 43 7 25 10 2 2 39 7 NA 19 64 42 47 54 98 154 31 8
"460" "mmu-miR-500-3p" 42 8 112 75 26 102 NA 21 51 13 7 3 18 6 37 38 53 96 43 36 75 52 96 43
"461" "mmu-miR-500-5p" 7 NA 8 3 NA 3 NA NA NA 2 NA NA NA NA NA NA 1 1 2 1 1 NA 13 NA
"462" "mmu-miR-501-3p" 74 42 727 244 81 432 47 158 112 158 21 19 63 4 223 351 165 260 155 224 383 268 364 376
"463" "mmu-miR-501-5p" 10 2 12 11 NA 33 NA 5 5 14 1 NA 3 3 NA 4 21 8 12 9 21 NA 48 32
"464" "mmu-miR-503-3p" 2 2 16 2 NA 1 NA 1 1 NA NA 1 NA NA NA 12 NA NA 3 NA NA NA NA NA
"465" "mmu-miR-503-5p" 34 2 93 60 5 128 NA 19 16 25 NA 10 6 5 76 13 33 16 9 17 155 18 186 23
"466" "mmu-miR-505-5p" 2 2 NA NA NA 4 NA NA NA NA 1 NA NA NA NA 1 4 NA NA NA 3 NA 3 NA
"467" "mmu-miR-5101" 2 NA NA 3 NA 12 NA 1 1 6 NA NA 3 1 NA NA NA NA NA 8 13 NA 15 NA
"468" "mmu-miR-511-3p" 23 14 17 45 41 63 NA 27 18 16 4 4 16 12 NA 14 40 62 36 48 65 17 124 70
"469" "mmu-miR-5121" 33 22 143 50 51 36 NA 29 28 6 4 13 24 1 60 18 25 30 22 18 27 56 45 28
"470" "mmu-miR-5123" 3 1 NA 7 9 8 NA NA 6 1 NA NA NA NA NA NA NA NA 6 18 5 NA NA 4
"471" "mmu-miR-532-3p" 18 6 54 29 28 41 NA 11 17 6 6 NA 2 6 7 4 36 NA 25 7 43 31 79 88
"472" "mmu-miR-532-5p" 351 71 554 388 288 1103 599 192 262 660 46 27 133 34 693 555 502 729 573 362 683 451 1384 1037
"473" "mmu-miR-539-5p" 6 NA 19 NA NA 1 NA NA 1 NA NA NA NA 1 NA NA 1 NA NA NA 1 NA NA NA
"474" "mmu-miR-540-5p" 4 NA NA 3 NA 2 NA NA NA NA NA NA NA NA NA NA NA NA 2 NA NA NA 2 NA
"475" "mmu-miR-541-5p" 93 17 103 124 50 259 83 73 59 75 15 4 11 10 95 101 103 97 102 161 171 147 320 283
"476" "mmu-miR-542-3p" 18 2 103 56 28 64 NA 4 13 11 NA 1 9 1 34 23 23 22 13 14 76 20 50 9
"477" "mmu-miR-542-5p" 5 1 16 5 NA 9 NA 2 2 5 2 NA NA NA NA 2 7 15 2 NA 11 NA 7 NA
"478" "mmu-miR-543-3p" 8 NA 4 7 4 20 NA 3 3 10 NA 1 NA NA NA 8 8 NA 7 10 10 7 23 10
"479" "mmu-miR-547-3p" 2 NA 22 15 5 13 NA 3 4 NA NA NA NA NA NA 5 4 NA 9 2 5 26 17 5
"480" "mmu-miR-5615-5p" 2 NA 4 NA NA NA NA NA NA 2 NA 4 NA NA NA NA NA NA NA NA 1 NA NA 1
"481" "mmu-miR-574-3p" 147 39 305 128 78 457 136 71 89 62 37 9 36 3 87 130 137 81 126 99 205 117 404 240
"482" "mmu-miR-574-5p" 222 39 186 100 57 222 29 59 60 31 13 2 18 17 38 54 65 54 71 92 181 153 145 166
"483" "mmu-miR-582-3p" 2 1 NA 2 NA 21 NA 3 3 28 NA NA 1 NA NA 6 3 13 3 1 13 NA 33 3
"484" "mmu-miR-592-5p" 32 2 NA 3 23 12 NA NA 8 13 NA 2 4 4 NA 11 1 NA 2 4 26 7 8 10
"485" "mmu-miR-598-3p" 58 6 62 32 18 115 40 17 15 28 5 NA 6 2 42 5 35 19 8 10 64 78 139 14
"486" "mmu-miR-615-3p" 104 15 331 89 48 275 NA 43 47 38 20 NA 9 4 82 78 44 16 94 27 140 62 270 49
"487" "mmu-miR-6516-5p" 2 2 NA 3 NA 14 NA 1 1 2 1 NA 1 1 NA 3 3 NA 3 13 20 NA 7 3
"488" "mmu-miR-652-3p" 1112 138 1090 942 551 1757 98 543 445 241 89 40 133 38 665 327 716 346 848 501 884 873 1342 769
"489" "mmu-miR-652-5p" 5 NA 11 5 NA 2 NA NA NA 2 NA NA NA 4 NA NA 2 2 3 NA 1 NA 5 NA
"490" "mmu-miR-664-3p" 12 NA 1 7 7 41 NA 8 7 2 3 2 7 2 NA 11 13 13 18 11 29 27 61 36
"491" "mmu-miR-664-5p" 5 4 15 9 6 11 44 11 6 3 3 1 1 1 NA 14 10 24 2 1 2 1 14 7
"492" "mmu-miR-667-3p" 5 NA NA 1 NA 2 NA NA 4 3 NA NA 4 NA NA NA 3 8 4 1 NA NA 11 6
"493" "mmu-miR-668-3p" 8 1 70 6 1 20 NA 3 4 1 1 2 1 1 NA 19 2 6 6 NA 14 33 16 17
"494" "mmu-miR-669a-3-3p" 2 2 NA 7 NA 2 NA 1 NA 4 NA NA 1 3 1 NA 1 NA NA NA NA NA 4 4
"495" "mmu-miR-669a-3p" 667 115 1034 654 290 439 399 191 187 107 51 28 97 57 714 311 512 752 246 429 549 285 1002 376
"496" "mmu-miR-669a-5p" 778 83 851 729 485 713 NA 229 279 176 11 35 80 33 96 230 267 333 211 595 589 291 818 251
"497" "mmu-miR-669b-5p" 12 1 47 9 10 9 NA 3 4 15 NA NA 2 NA NA 6 18 50 1 26 22 16 19 NA
"498" "mmu-miR-669c-5p" 255 34 219 184 84 402 NA 61 107 153 12 2 28 25 95 145 111 95 92 149 286 90 328 209
"499" "mmu-miR-669d-5p" 151 20 114 92 63 63 175 12 20 16 4 11 14 6 NA 4 50 52 76 87 87 11 174 56
"500" "mmu-miR-669e-5p" 3 1 6 13 7 10 NA 2 1 2 NA NA NA NA NA NA 2 NA 4 NA 21 NA 8 NA
"501" "mmu-miR-669f-3p" 28 4 52 37 9 14 NA 11 18 12 1 1 4 5 NA 16 21 11 9 20 24 NA 66 43
"502" "mmu-miR-669f-5p" 10 NA NA 5 20 12 75 2 7 2 NA NA 2 7 NA 4 NA 17 5 5 20 NA 8 8
"503" "mmu-miR-669h-5p" 2 NA NA NA NA 5 NA 4 2 NA NA NA NA NA NA NA 10 NA 3 NA 4 NA 6 NA
"504" "mmu-miR-669k-5p" 1 NA NA 2 NA 3 NA NA NA NA NA NA NA NA NA NA 2 NA NA NA 2 10 1 NA
"505" "mmu-miR-669l-5p" 125 14 269 143 68 266 197 44 61 43 2 NA 17 7 42 68 70 31 41 120 160 52 204 41
"506" "mmu-miR-669o-3p" 667 115 1034 654 290 439 399 191 187 107 51 28 97 57 714 311 512 752 246 429 549 285 1002 376
"507" "mmu-miR-669o-5p" 146 25 361 129 89 216 NA 48 63 72 1 5 9 16 141 64 79 37 87 79 168 46 222 35
"508" "mmu-miR-669p-3p" 1 NA NA 5 NA NA NA NA 1 NA NA NA NA NA NA NA 1 NA 2 NA 2 NA 1 NA
"509" "mmu-miR-669p-5p" 778 83 851 729 485 713 NA 229 279 176 11 35 80 33 96 230 267 333 211 595 589 291 818 251
"510" "mmu-miR-671-3p" 9 6 51 6 7 12 NA 5 5 10 2 2 1 NA NA 20 13 NA 6 8 14 12 57 25
"511" "mmu-miR-671-5p" 3 NA NA 3 NA 11 NA 1 1 5 NA NA NA NA NA NA 4 NA NA NA 7 NA 6 NA
"512" "mmu-miR-6715-5p" 1 NA NA NA NA NA NA NA NA NA NA NA NA NA NA NA NA NA NA NA NA NA NA NA
"513" "mmu-miR-672-3p" 33 6 26 29 1 73 NA 15 18 17 1 NA 7 NA 19 14 22 16 24 32 36 13 65 9
"514" "mmu-miR-672-5p" 1796 225 1514 789 386 3324 129 439 501 1171 71 49 163 80 513 667 694 624 617 794 2171 272 2005 948
"515" "mmu-miR-673-3p" 1 NA NA NA NA NA NA NA NA NA NA NA NA NA NA NA NA NA NA NA NA NA NA NA
"516" "mmu-miR-673-5p" 1 NA 4 1 5 2 NA NA NA NA 1 NA NA NA NA NA 2 NA NA NA NA NA 3 3
"517" "mmu-miR-674-3p" 116 55 313 118 50 375 NA 204 134 144 28 8 36 11 72 222 173 81 202 210 291 115 509 281
"518" "mmu-miR-674-5p" 29 17 131 58 34 128 1 30 31 29 3 3 5 5 27 21 31 24 65 69 52 34 132 43
"519" "mmu-miR-676-3p" 69 68 368 175 132 275 294 68 88 228 62 2 31 17 373 277 173 246 220 163 227 139 588 267
"520" "mmu-miR-676-5p" 30 8 89 53 75 83 24 27 30 50 6 NA 28 3 139 85 49 51 42 25 69 71 127 130
"521" "mmu-miR-677-3p" 1 NA 14 NA NA 5 NA 2 3 NA 1 NA 1 NA NA NA 2 17 NA NA NA NA 3 4
"522" "mmu-miR-6899-3p" 2 NA NA 5 NA 1 NA NA NA 1 NA NA NA NA NA NA NA NA NA NA NA NA 9 NA
"523" "mmu-miR-690" 175 163 890 333 458 241 54 158 190 55 8 38 80 15 139 117 245 123 171 461 304 144 269 104
"524" "mmu-miR-6900-3p" 2 NA 8 NA NA NA NA 2 NA NA NA NA NA NA NA NA NA NA NA NA NA NA 2 NA
"525" "mmu-miR-6915-5p" 3 NA NA NA NA 2 NA NA NA NA NA NA NA NA NA NA NA NA 3 NA 3 NA NA NA
"526" "mmu-miR-6938-3p" 2 NA NA 1 NA NA NA NA NA NA NA NA NA NA NA NA NA NA NA NA NA NA NA NA
"527" "mmu-miR-6958-3p" 3 NA NA 2 NA NA NA NA NA NA NA NA NA NA NA NA NA NA NA NA NA NA 2 NA
"528" "mmu-miR-6996-5p" 2 NA NA 1 NA 1 NA NA NA NA NA NA NA NA NA 10 NA NA 3 NA NA NA 1 5
"529" "mmu-miR-700-3p" 21 6 62 13 16 48 NA 14 11 25 4 3 6 5 19 24 13 1 19 16 31 5 49 13
"530" "mmu-miR-701-5p" 5 NA 13 4 NA 7 NA 3 2 1 1 NA 2 NA 12 2 6 NA 11 1 9 NA 4 12
"531" "mmu-miR-7024-3p" 1 NA NA NA NA NA NA NA NA NA NA NA NA NA NA NA NA NA NA NA NA NA NA NA
"532" "mmu-miR-7026-5p" 1 NA NA NA NA NA NA NA NA NA NA NA NA NA NA NA NA NA NA NA NA NA 2 NA
"533" "mmu-miR-7029-3p" 3 NA NA NA NA 2 NA NA NA NA NA NA NA NA NA NA NA NA NA NA NA NA NA NA
"534" "mmu-miR-7042-3p" 1 NA NA NA NA NA NA NA NA NA NA NA NA NA NA NA NA NA NA NA 1 NA 2 NA
"535" "mmu-miR-7067-3p" 1 NA NA NA NA NA NA NA NA NA NA NA NA NA NA NA NA NA NA NA NA NA NA NA
"536" "mmu-miR-708-3p" 4 5 27 14 56 44 NA 13 41 20 1 7 4 7 7 27 46 183 15 13 23 22 15 23
"537" "mmu-miR-708-5p" 13 2 27 14 32 69 NA 4 20 21 NA 2 4 NA NA 6 28 43 21 7 21 42 48 23
"538" "mmu-miR-7085-3p" 1 NA NA NA NA NA NA NA NA NA NA NA NA NA NA NA NA NA NA NA NA NA 1 3
"539" "mmu-miR-7091-5p" 1 NA NA NA NA NA NA NA NA NA NA NA NA NA NA NA NA 20 NA NA NA NA NA NA
"540" "mmu-miR-7214-5p" 2 NA 11 4 NA 6 70 NA 5 3 NA NA 1 NA 31 1 3 NA 2 8 18 NA 2 11
"541" "mmu-miR-7217-3p" 1 NA NA 1 NA 1 NA NA 2 NA NA NA NA NA NA NA NA 1 1 3 5 NA 6 4
"542" "mmu-miR-7219-3p" 1 NA 9 5 3 1 NA 2 3 NA NA 3 NA NA NA NA 1 NA 1 NA NA NA 4 NA
"543" "mmu-miR-7226-3p" 3 NA NA 1 NA NA NA NA 1 NA NA 2 NA 3 NA NA NA NA 1 2 NA NA NA NA
"544" "mmu-miR-7230-3p" 1 NA NA NA NA NA NA NA 1 NA NA NA NA NA NA 3 1 NA NA NA 3 NA NA NA
"545" "mmu-miR-741-3p" 454 128 524 943 160 693 651 211 283 179 63 57 136 87 1043 568 1184 883 1022 481 911 582 934 1070
"546" "mmu-miR-741-5p" 41 3 109 125 27 56 NA 18 26 22 1 3 10 4 125 31 103 155 47 80 128 39 50 28
"547" "mmu-miR-742-3p" 11 1 16 21 NA 7 NA 3 2 NA 1 NA 1 1 NA 10 4 NA 10 13 24 4 24 3
"548" "mmu-miR-742-5p" 12 4 27 42 7 5 28 2 6 NA 1 NA 1 2 NA 2 40 33 17 7 17 19 33 9
"549" "mmu-miR-743a-3p" 366 77 910 1338 249 1254 449 269 389 311 81 25 164 84 755 684 1648 894 1211 952 2553 558 1025 889
"550" "mmu-miR-743a-5p" 12 5 171 120 8 92 232 41 27 62 5 2 19 7 74 41 134 147 138 46 141 59 119 83
"551" "mmu-miR-743b-3p" 446 178 914 1938 366 1322 373 428 450 387 74 59 213 136 850 988 2185 1567 1816 1170 3265 1068 1390 1210
"552" "mmu-miR-743b-5p" 15 8 37 34 11 24 44 4 19 19 5 2 1 NA NA 37 52 46 46 29 54 73 22 21
"553" "mmu-miR-744-3p" 8 6 39 15 6 22 NA 2 6 18 NA NA 5 NA NA 7 13 11 20 5 16 NA 18 19
"554" "mmu-miR-744-5p" 253 122 383 316 370 537 390 304 215 252 58 25 135 34 371 275 394 197 419 499 497 218 882 704
"555" "mmu-miR-760-3p" 1 NA NA NA NA NA NA NA NA NA NA NA NA NA NA NA NA NA NA NA NA NA NA NA
"556" "mmu-miR-7667-5p" 1 NA NA NA NA NA NA NA NA NA NA NA NA NA NA NA NA NA NA NA NA NA NA NA
"557" "mmu-miR-7685-3p" 3 NA NA NA 8 3 NA NA 3 NA NA NA NA NA NA NA 5 NA 1 NA NA NA 5 3
"558" "mmu-miR-7685-5p" 3 NA 9 8 2 1 NA 15 5 7 NA NA 4 1 15 11 4 NA 9 32 7 NA 19 1
"559" "mmu-miR-7a-1-3p" 90 14 49 57 59 100 NA 45 21 15 3 1 12 12 82 15 37 66 74 115 92 39 100 94
"560" "mmu-miR-7a-5p" 374 117 801 807 288 727 229 226 197 318 32 36 90 101 212 377 458 432 490 423 1034 564 740 440
"561" "mmu-miR-7b-5p" 4 NA 11 12 NA 4 1 4 2 5 NA NA NA NA NA 1 1 NA 5 3 16 1 12 16
"562" "mmu-miR-802-5p" 2 NA NA 8 NA 1 NA NA NA NA NA NA NA NA NA NA 3 NA NA NA 7 NA NA NA
"563" "mmu-miR-8114" 1 NA NA 1 NA 1 NA NA NA NA 3 NA NA NA NA NA 4 NA 2 NA 1 NA 9 12
"564" "mmu-miR-8120" 1 3 6 NA NA 1 NA NA NA NA NA 1 NA NA NA 1 4 NA 6 NA 11 5 5 NA
"565" "mmu-miR-871-3p" 178 50 704 782 135 419 489 138 232 215 30 18 79 57 598 482 821 820 742 445 583 224 844 505
"566" "mmu-miR-871-5p" 117 40 466 339 101 212 365 90 95 37 22 4 45 21 130 174 321 182 283 271 251 219 283 308
"567" "mmu-miR-872-3p" 82 38 75 69 107 167 NA 59 45 27 5 9 50 1 83 51 79 79 63 22 72 59 193 233
"568" "mmu-miR-872-5p" 1281 155 2435 1994 1219 1225 399 661 804 422 44 64 274 86 648 662 969 1155 790 1640 2483 1383 1548 694
"569" "mmu-miR-874-3p" 12 4 10 13 NA 33 NA 12 5 1 3 6 4 8 22 9 12 9 20 13 22 12 21 4
"570" "mmu-miR-878-3p" 173 18 253 296 90 157 142 48 83 28 8 2 18 6 25 88 187 147 177 145 168 78 142 219
"571" "mmu-miR-878-5p" 40 27 73 244 84 91 547 38 47 163 20 11 37 21 378 103 279 851 206 113 195 122 182 171
"572" "mmu-miR-879-5p" 3 NA 2 1 NA 1 NA 3 2 NA NA NA NA NA NA NA 3 23 NA 3 7 NA 6 NA
"573" "mmu-miR-880-3p" 197 34 220 330 50 162 187 60 63 68 9 8 68 19 175 95 269 264 151 177 479 132 215 260
"574" "mmu-miR-881-3p" 486 179 720 1148 371 464 966 254 259 300 55 103 148 158 1151 677 1529 2353 1193 874 1609 1018 1135 1160
"575" "mmu-miR-883a-3p" 118 48 391 419 312 293 271 130 126 61 24 17 78 43 125 132 566 268 409 509 715 634 549 531
"576" "mmu-miR-883b-3p" 22 2 NA 35 16 29 37 6 10 11 2 4 4 3 20 11 36 65 22 10 39 42 41 25
"577" "mmu-miR-9-3p" 1589 1375 7951 6665 3269 8880 915 2857 2015 7197 123 416 1429 983 4637 12166 5604 3716 4034 5163 12125 1188 18573 2778
"578" "mmu-miR-9-5p" 3770 2431 9883 13559 7682 21439 6878 4577 4895 28644 375 869 2537 1884 12205 22563 11885 10080 9191 9473 17726 2316 54417 7393
"579" "mmu-miR-92a-1-5p" 16 3 18 11 5 32 1 4 11 7 1 NA 3 NA NA NA 11 14 25 12 11 NA 56 32
"580" "mmu-miR-92a-3p" 200 85 935 476 182 762 111 123 162 210 74 13 51 11 425 378 290 373 414 253 469 185 765 579
"581" "mmu-miR-92b-3p" 16 8 174 38 29 77 50 9 8 15 17 NA 6 9 NA 29 28 6 29 8 22 16 71 48
"582" "mmu-miR-93-3p" 3 1 9 3 9 11 NA 5 10 2 1 NA 2 NA NA NA 4 35 7 8 8 NA 13 4
"583" "mmu-miR-93-5p" 1908 376 2429 4002 1508 5602 1673 1691 1613 1319 255 149 617 311 2508 2435 3201 2654 2131 2169 3895 1857 5179 2870
"584" "mmu-miR-935" 3 NA 1 7 NA 2 NA 2 1 NA NA NA NA NA NA NA 3 NA 1 NA 2 NA 5 NA
"585" "mmu-miR-96-3p" 28 1 12 22 3 23 NA 7 7 4 1 NA 6 4 NA NA 2 NA 12 20 11 NA 44 21
"586" "mmu-miR-96-5p" 8464 718 6965 3341 2557 3737 1396 1170 1061 1267 119 180 664 337 2664 928 1755 3809 2618 3050 3244 1487 3702 2827
"587" "mmu-miR-98-3p" 24 1 17 34 5 53 NA 12 8 19 3 NA 5 NA NA 28 19 19 13 8 44 12 25 23
"588" "mmu-miR-98-5p" 3574 469 3688 2671 1549 7514 1261 1575 1648 4149 142 218 529 221 2278 1904 2285 3557 2232 3388 8683 2783 5419 2814
"589" "mmu-miR-99a-5p" 20156 5195 43077 28038 15810 48987 5995 14723 13167 6155 3400 1367 6092 2001 20910 21950 22426 18706 30355 18687 27493 22228 47743 47673
"590" "mmu-miR-99b-3p" 71 10 117 49 39 133 NA 23 29 74 6 3 16 2 96 37 75 93 60 48 106 16 176 49
"591" "mmu-miR-99b-5p" 6696 1120 9748 4346 3899 8441 3020 3166 2096 2837 1043 374 1530 514 7465 5123 6285 5455 4429 3881 5327 2847 11592 13802
"592" "mmu-miR-1291" NA 1 NA 6 5 10 NA 1 3 1 2 NA 2 4 NA 5 8 NA 7 NA 11 NA 15 13
"593" "mmu-miR-130a-5p" NA 2 NA NA 6 1 NA 2 NA 5 NA NA NA NA NA 6 3 NA 1 NA 2 NA 4 7
"594" "mmu-miR-132-5p" NA 3 20 11 8 27 NA 5 8 12 3 NA 3 4 NA 4 13 13 17 10 19 NA 10 5
"595" "mmu-miR-181b-2-3p" NA 1 2 NA NA 3 NA 6 2 NA NA NA NA NA NA 2 1 NA NA NA 2 NA 3 25
"596" "mmu-miR-1945" NA 1 4 7 NA 6 NA NA 1 2 NA NA NA NA NA NA 6 NA 2 2 3 NA 10 8
"597" "mmu-miR-1964-3p" NA 1 NA 5 NA 5 NA NA NA 2 NA NA NA NA NA 7 4 NA 1 NA 9 NA 4 NA
"598" "mmu-miR-216b-5p" NA 1 NA 5 NA 6 NA 5 1 NA NA NA NA NA NA NA 5 NA 5 NA 1 12 10 NA
"599" "mmu-miR-25-5p" NA 4 NA 4 NA 7 NA NA NA 8 1 NA NA NA NA NA NA NA NA NA 4 NA 4 NA
"600" "mmu-miR-296-3p" NA 1 NA 1 NA 5 NA NA NA NA NA NA NA NA NA 3 NA NA NA NA 2 NA NA NA
"601" "mmu-miR-3061-3p" NA 2 NA NA NA NA NA NA NA NA NA NA NA NA NA NA NA 14 NA NA NA NA 1 NA
"602" "mmu-miR-374c-5p" NA 2 4 8 4 13 NA NA 2 3 NA 1 NA NA NA NA 5 NA 1 3 6 31 5 14
"603" "mmu-miR-425-3p" NA 3 NA 2 3 14 1 3 6 2 NA 1 1 NA NA NA 4 15 2 NA 4 23 11 17
"604" "mmu-miR-465d-5p" NA 1 NA 2 NA NA NA NA NA 1 NA NA NA NA 1 NA 4 6 NA NA 2 NA 2 1
"605" "mmu-miR-466i-5p" NA 2 11 NA 4 5 NA NA 1 4 NA NA NA NA NA 1 1 NA NA NA 4 NA NA NA
"606" "mmu-miR-467b-3p" NA 1 NA NA NA NA 2 NA NA NA NA NA NA NA NA NA NA 1 NA NA 1 NA 4 NA
"607" "mmu-miR-486b-3p" NA 3 NA 1 NA 6 NA 1 1 NA NA NA 5 NA NA NA NA NA NA NA 1 NA NA 1
"608" "mmu-miR-490-3p" NA 2 NA 2 1 2 NA NA NA NA NA NA NA NA NA NA 1 NA 2 NA NA NA 2 4
"609" "mmu-miR-505-3p" NA 2 3 12 6 6 NA 2 1 NA NA NA 3 NA NA NA 8 19 4 3 12 NA 12 4
"610" "mmu-miR-582-5p" NA 2 NA 8 6 9 NA 4 3 30 2 NA 1 NA NA NA 2 NA 6 4 5 NA 31 5
"611" "mmu-miR-666-3p" NA 2 15 NA NA NA NA 1 1 NA NA NA NA NA NA 7 1 NA NA NA NA NA 2 NA
"612" "mmu-miR-6921-3p" NA 1 NA NA NA 1 NA NA NA NA NA NA NA NA NA NA NA NA NA NA NA NA NA NA
"613" "mmu-miR-6924-5p" NA 1 NA NA NA NA NA NA NA NA NA NA NA NA NA NA NA NA NA NA NA NA NA NA
"614" "mmu-miR-6988-3p" NA 2 NA NA NA 3 NA NA NA NA NA NA NA NA NA NA NA NA 4 NA NA NA NA NA
"615" "mmu-miR-6994-3p" NA 1 NA NA NA NA NA NA NA NA NA NA NA NA NA 1 NA NA NA NA NA NA NA NA
"616" "mmu-miR-7015-3p" NA 1 NA NA 6 2 NA NA NA NA NA NA NA NA NA NA NA NA NA NA NA NA 1 7
"617" "mmu-miR-702-3p" NA 1 NA NA NA NA NA NA NA NA NA NA NA NA NA NA NA NA NA NA 1 NA 4 NA
"618" "mmu-miR-7063-5p" NA 3 NA 1 NA 2 NA NA NA NA NA NA NA NA NA 8 2 NA NA NA NA NA NA NA
"619" "mmu-miR-7210-5p" NA 1 21 5 NA 4 NA NA 2 7 NA NA NA NA NA 9 10 NA 13 8 5 27 15 3
"620" "mmu-miR-7214-3p" NA 1 NA 1 NA 1 NA NA 2 1 NA NA NA NA NA 5 2 NA 1 NA 1 NA NA NA
"621" "mmu-miR-7240-5p" NA 1 9 NA NA NA NA NA NA 3 NA NA NA 2 NA 1 NA NA NA NA 4 9 3 NA
"622" "mmu-miR-7649-3p" NA 2 NA NA 2 1 NA 2 2 NA NA NA NA NA NA NA NA NA NA NA NA NA 5 NA
"623" "mmu-miR-874-5p" NA 1 32 3 NA NA NA NA 1 NA NA NA NA NA NA NA 3 NA NA NA NA NA 1 NA
"624" "mmu-miR-877-3p" NA 1 2 2 NA 1 NA NA NA NA NA NA NA NA NA NA 2 NA NA NA NA NA 1 1
"625" "mmu-let-7k" NA NA 1 NA NA NA NA NA NA NA NA NA NA NA NA NA NA NA NA NA NA NA NA NA
"626" "mmu-miR-12205-3p" NA NA 7 NA NA 1 NA NA NA NA NA NA NA NA NA NA 1 NA NA NA NA NA 3 NA
"627" "mmu-miR-12205-5p" NA NA 7 NA NA 1 NA NA NA NA NA NA NA NA NA NA NA NA NA NA NA NA 1 NA
"628" "mmu-miR-1247-3p" NA NA 8 6 NA NA NA NA NA NA NA NA 1 NA NA NA 1 NA NA NA NA NA 1 4
"629" "mmu-miR-145b" NA NA 11 NA NA NA NA NA NA NA NA NA NA NA NA NA NA NA NA NA NA NA NA NA
"630" "mmu-miR-150-3p" NA NA 25 1 3 1 NA 6 NA NA NA NA NA NA NA NA 2 NA NA 3 2 NA NA NA
"631" "mmu-miR-18b-5p" NA NA 2 NA NA NA NA 2 NA NA NA NA NA NA NA NA 1 NA NA NA NA NA 1 NA
"632" "mmu-miR-1927" NA NA 20 NA NA NA NA NA NA 2 NA NA NA NA NA NA NA 1 2 NA 1 NA NA 10
"633" "mmu-miR-1934-5p" NA NA 6 NA NA 2 NA NA 1 NA NA NA NA 2 NA 1 NA NA 2 5 NA NA 1 NA
"634" "mmu-miR-1946a" NA NA 7 NA NA NA NA NA NA NA NA NA NA NA NA NA 1 NA NA NA NA NA NA NA
"635" "mmu-miR-1969" NA NA 15 1 NA NA NA NA 1 NA NA NA NA NA NA NA 1 NA NA NA NA NA 2 NA
"636" "mmu-miR-2137" NA NA 13 NA NA NA NA NA NA NA NA NA NA NA NA NA NA NA NA NA NA NA NA NA
"637" "mmu-miR-21c" NA NA 1 NA NA NA NA NA NA NA NA NA NA NA NA NA NA NA NA NA NA NA NA NA
"638" "mmu-miR-292a-3p" NA NA 2 6 7 NA NA 1 2 2 1 NA NA NA NA 1 6 NA 5 NA 11 5 16 3
"639" "mmu-miR-302a-3p" NA NA 4 NA NA NA NA NA NA NA NA NA NA NA NA NA NA NA NA NA NA NA NA NA
"640" "mmu-miR-3064-5p" NA NA 34 4 5 6 NA 1 2 4 2 NA NA NA NA NA 4 NA 3 14 4 NA 9 NA
"641" "mmu-miR-3067-5p" NA NA 3 NA NA NA NA NA NA NA NA NA NA NA NA NA NA NA NA NA NA NA NA NA
"642" "mmu-miR-3470b" NA NA 6 2 NA 1 NA NA 1 NA NA NA NA NA NA NA NA 1 5 NA 2 NA 1 NA
"643" "mmu-miR-3471" NA NA 8 NA NA 4 NA NA NA 1 NA NA NA 1 NA NA 4 NA NA NA NA NA 2 NA
"644" "mmu-miR-3473a" NA NA 13 NA NA NA NA NA NA NA NA NA NA NA NA NA NA NA NA NA NA NA NA NA
"645" "mmu-miR-3473e" NA NA 113 NA NA NA NA NA NA NA NA NA NA NA NA NA NA NA NA NA NA NA NA NA
"646" "mmu-miR-384-5p" NA NA 4 3 NA 8 NA NA NA NA NA NA 1 2 NA 4 9 NA 5 1 12 11 13 10
"647" "mmu-miR-3962" NA NA 1 NA NA NA NA NA NA 2 NA NA NA NA NA NA NA NA NA NA 1 NA NA NA
"648" "mmu-miR-3963" NA NA 3 NA NA NA NA NA NA NA NA NA NA NA NA NA NA NA NA NA NA NA NA NA
"649" "mmu-miR-466h-3p" NA NA 12 5 NA 1 NA 1 NA 1 NA NA NA NA NA 1 NA 3 2 NA NA NA 4 NA
"650" "mmu-miR-466o-3p" NA NA 13 2 NA NA NA NA NA NA NA NA NA NA NA NA NA NA NA 1 NA NA 3 NA
"651" "mmu-miR-504-5p" NA NA 1 1 NA 5 NA 1 3 NA 2 NA NA 1 NA NA 1 NA 1 NA 1 NA 5 4
"652" "mmu-miR-6236" NA NA 6 NA NA NA NA NA NA NA NA NA NA NA NA NA NA NA NA NA NA NA NA NA
"653" "mmu-miR-6402" NA NA 4 NA NA NA NA NA NA NA NA NA NA NA NA NA NA NA NA NA NA NA NA NA
"654" "mmu-miR-670-3p" NA NA 2 NA NA NA NA NA NA NA NA NA NA NA NA NA 1 NA NA NA 5 NA NA NA
"655" "mmu-miR-6951-5p" NA NA 3 3 NA NA NA NA 1 4 NA NA NA NA NA NA NA NA 1 NA 1 NA NA NA
"656" "mmu-miR-6952-5p" NA NA 7 NA NA 2 NA NA NA NA NA NA NA NA NA NA NA NA NA NA 1 NA NA NA
"657" "mmu-miR-6955-3p" NA NA 13 NA NA 1 NA NA NA NA NA NA NA NA NA NA NA NA NA NA NA NA NA NA
"658" "mmu-miR-6966-5p" NA NA 14 NA NA NA NA NA NA NA NA NA NA NA NA NA NA NA NA NA NA NA NA NA
"659" "mmu-miR-7033-5p" NA NA 12 3 NA NA NA NA NA NA NA NA NA NA NA NA NA NA NA NA NA NA NA NA
"660" "mmu-miR-706" NA NA 11 NA NA NA NA NA NA NA NA NA NA NA NA NA 1 NA NA NA NA NA NA NA
"661" "mmu-miR-7073-5p" NA NA 1 NA NA NA NA NA NA NA NA NA NA NA NA NA 2 NA 3 NA NA NA 1 NA
"662" "mmu-miR-7212-5p" NA NA 1 NA NA NA NA NA NA NA NA NA NA NA NA NA NA NA NA NA NA NA NA NA
"663" "mmu-miR-7229-3p" NA NA 4 2 NA NA NA NA NA NA NA NA NA NA NA NA NA NA NA NA NA NA NA NA
"664" "mmu-miR-7647-3p" NA NA 6 NA NA NA NA NA NA NA NA NA NA NA NA NA NA NA NA NA NA NA NA NA
"665" "mmu-miR-7662-3p" NA NA 1 NA NA NA NA NA NA NA NA NA NA NA NA NA NA NA NA NA NA NA NA NA
"666" "mmu-miR-8106" NA NA 5 1 NA NA NA NA NA NA NA NA NA NA NA NA NA NA NA NA NA NA NA NA
"667" "mmu-miR-1195" NA NA NA 1 3 2 NA NA NA NA NA NA 2 3 NA NA 4 NA NA 8 NA NA 1 NA
"668" "mmu-miR-12182-3p" NA NA NA 2 NA 1 NA NA NA 1 NA NA NA NA NA NA NA NA NA 5 4 NA 3 NA
"669" "mmu-miR-128-1-5p" NA NA NA 1 NA 2 NA NA NA 2 NA NA NA NA NA NA 2 NA 2 NA 6 NA NA NA
"670" "mmu-miR-139-3p" NA NA NA 3 NA 7 NA 1 NA NA NA NA NA NA NA NA NA NA 1 NA 4 NA 1 NA
"671" "mmu-miR-146a-3p" NA NA NA 3 NA NA NA NA NA NA NA NA NA NA NA NA NA NA NA NA NA NA NA NA
"672" "mmu-miR-154-5p" NA NA NA 8 5 1 NA 3 NA 1 NA NA NA NA NA NA 1 1 NA NA 3 25 9 1
"673" "mmu-miR-15a-3p" NA NA NA 3 NA NA NA NA NA NA NA NA NA NA NA NA NA NA NA NA 3 NA 5 NA
"674" "mmu-miR-16-1-3p" NA NA NA 13 1 6 71 1 NA 7 NA NA 6 NA 22 NA 2 NA 4 NA NA NA 1 2
"675" "mmu-miR-190b-3p" NA NA NA 1 NA NA NA NA 1 NA NA NA NA NA NA NA NA NA NA NA NA NA 1 NA
"676" "mmu-miR-194-2-3p" NA NA NA 2 NA 8 NA 3 1 1 2 NA NA NA NA NA 3 19 NA NA 1 NA 7 19
"677" "mmu-miR-1947-5p" NA NA NA 1 NA 2 NA NA NA 3 NA NA NA NA NA NA NA NA 1 NA NA NA NA NA
"678" "mmu-miR-1b-3p" NA NA NA 2 NA NA NA NA NA NA NA NA NA NA NA NA 3 NA NA NA NA NA 2 NA
"679" "mmu-miR-202-3p" NA NA NA 3 NA 3 NA 4 1 NA NA NA NA 1 NA 3 7 NA 2 NA NA NA 1 NA
"680" "mmu-miR-216a-3p" NA NA NA 1 NA NA NA NA NA NA NA NA NA NA NA NA NA NA NA NA NA NA NA NA
"681" "mmu-miR-216a-5p" NA NA NA 4 NA 3 NA NA 3 1 NA NA NA NA NA NA 3 NA NA NA NA NA 3 NA
"682" "mmu-miR-219c-5p" NA NA NA 4 NA 9 NA 3 1 3 NA 1 NA NA NA 9 NA NA 2 NA NA NA NA NA
"683" "mmu-miR-291a-5p" NA NA NA 2 NA NA NA NA NA NA NA NA NA NA NA NA 1 NA NA NA NA NA NA NA
"684" "mmu-miR-292a-5p" NA NA NA 3 NA NA NA NA 1 NA 2 NA NA NA NA 2 3 NA NA NA 3 NA 8 NA
"685" "mmu-miR-3057-5p" NA NA NA 1 NA 2 NA NA NA NA NA NA NA NA NA NA 3 NA NA NA NA NA NA 3
"686" "mmu-miR-3058-5p" NA NA NA 2 2 3 NA NA 1 NA NA NA NA 6 NA NA 3 NA 1 1 NA NA 3 NA
"687" "mmu-miR-3060-3p" NA NA NA 4 NA 1 NA NA NA NA NA NA NA NA NA NA 3 NA NA NA NA NA NA NA
"688" "mmu-miR-3061-5p" NA NA NA 4 NA NA NA 1 NA NA NA NA NA NA 14 NA NA NA NA NA 2 NA 5 NA
"689" "mmu-miR-3091-3p" NA NA NA 1 NA NA NA NA NA NA NA NA NA NA NA NA NA NA NA NA NA NA NA NA
"690" "mmu-miR-3097-3p" NA NA NA 1 NA 3 NA NA NA NA 1 NA NA NA NA NA 1 NA NA NA 3 NA NA NA
"691" "mmu-miR-3105-3p" NA NA NA 4 NA NA NA NA NA NA 1 NA NA NA 9 NA 1 NA 1 NA NA NA NA NA
"692" "mmu-miR-3109-3p" NA NA NA 3 NA 2 NA 1 NA NA NA NA NA NA NA NA NA NA 3 NA 1 NA NA NA
"693" "mmu-miR-3110-5p" NA NA NA 1 NA 2 NA NA NA NA NA NA NA NA NA NA NA NA NA NA NA NA 1 NA
"694" "mmu-miR-328-5p" NA NA NA 2 NA 1 NA NA NA NA NA NA NA NA NA NA NA NA NA NA NA NA 1 NA
"695" "mmu-miR-337-3p" NA NA NA 3 NA 1 NA NA NA NA NA NA NA NA NA NA 1 NA NA 6 NA 7 5 NA
"696" "mmu-miR-341-3p" NA NA NA 1 NA 2 NA NA 3 NA NA NA NA NA NA 1 2 NA 1 4 NA NA 3 NA
"697" "mmu-miR-377-5p" NA NA NA 1 NA 2 NA NA NA NA NA NA NA NA NA NA NA NA NA NA NA 8 4 NA
"698" "mmu-miR-449a-3p" NA NA NA 4 NA 1 NA NA NA NA NA NA NA NA NA NA NA NA NA NA 1 NA 3 NA
"699" "mmu-miR-450a-2-3p" NA NA NA 1 NA NA NA NA NA NA NA NA NA NA NA NA NA NA NA NA NA NA 1 NA
"700" "mmu-miR-466e-5p" NA NA NA 2 NA NA NA NA NA 2 NA NA NA NA 43 NA NA NA NA NA 3 NA NA NA
"701" "mmu-miR-466j" NA NA NA 1 7 1 NA NA 1 2 NA NA 3 NA NA NA NA NA 1 NA 4 7 13 NA
"702" "mmu-miR-466m-5p" NA NA NA 5 7 2 NA NA 1 5 NA NA 2 NA NA NA 1 NA 4 NA 3 7 20 NA
"703" "mmu-miR-466q" NA NA NA 2 NA NA NA NA NA NA NA NA NA NA NA NA NA NA NA NA NA NA NA NA
"704" "mmu-miR-468-3p" NA NA NA 2 NA 1 NA NA NA NA NA NA NA NA NA NA 3 NA NA NA 3 NA 2 NA
"705" "mmu-miR-511-5p" NA NA NA 2 NA 2 NA 4 NA 1 NA NA NA NA NA NA 3 NA NA NA NA NA NA NA
"706" "mmu-miR-5113" NA NA NA 1 NA NA NA NA NA NA NA NA NA NA NA NA NA NA NA NA NA NA NA 4
"707" "mmu-miR-5128" NA NA NA 7 NA 1 NA NA NA NA NA NA NA NA NA NA NA NA NA NA 1 NA 1 NA
"708" "mmu-miR-5129-5p" NA NA NA 1 10 NA NA NA NA NA NA NA NA NA NA NA NA NA 1 NA NA NA 2 NA
"709" "mmu-miR-543-5p" NA NA NA 1 NA 1 NA NA NA NA NA NA NA NA NA NA NA NA NA NA NA 8 NA NA
"710" "mmu-miR-551b-3p" NA NA NA 2 NA 1 NA NA NA NA NA NA NA NA NA NA NA NA NA NA NA NA NA NA
"711" "mmu-miR-665-3p" NA NA NA 2 NA 3 NA NA 2 NA NA NA NA NA NA NA NA NA NA NA NA NA NA NA
"712" "mmu-miR-669b-3p" NA NA NA 1 NA 2 NA 1 NA 2 NA NA NA NA NA NA NA NA 2 6 1 20 7 NA
"713" "mmu-miR-669e-3p" NA NA NA 1 NA NA NA NA NA NA NA NA NA NA NA NA NA NA NA NA NA NA NA NA
"714" "mmu-miR-669g" NA NA NA 1 NA NA NA NA NA NA NA NA NA NA NA NA NA NA NA NA NA NA NA NA
"715" "mmu-miR-669l-3p" NA NA NA 4 NA NA NA NA NA NA NA NA NA 3 NA NA NA NA NA NA NA NA 6 NA
"716" "mmu-miR-669m-5p" NA NA NA 5 7 2 NA NA 1 5 NA NA 2 NA NA NA 1 NA 4 NA 3 7 20 NA
"717" "mmu-miR-6907-3p" NA NA NA 2 NA NA NA NA NA NA NA NA NA NA NA NA NA NA NA NA NA NA 2 1
"718" "mmu-miR-6926-3p" NA NA NA 1 NA NA NA NA NA NA NA NA NA NA NA NA NA NA NA NA NA NA NA NA
"719" "mmu-miR-6932-5p" NA NA NA 2 NA NA NA NA NA 1 NA NA NA NA NA NA NA NA NA NA NA NA NA NA
"720" "mmu-miR-6937-3p" NA NA NA 1 NA NA NA NA NA NA NA NA NA NA NA NA NA NA NA NA NA NA NA NA
"721" "mmu-miR-6968-3p" NA NA NA 4 NA 1 NA NA NA NA NA NA NA NA NA NA NA NA NA NA NA NA NA NA
"722" "mmu-miR-700-5p" NA NA NA 4 4 4 NA NA 1 1 NA NA NA 1 NA 8 1 13 1 NA 6 NA 13 23
"723" "mmu-miR-7002-5p" NA NA NA 1 NA NA NA NA NA NA NA NA NA NA NA NA NA NA NA NA NA NA NA NA
"724" "mmu-miR-701-3p" NA NA NA 3 NA NA NA NA NA NA NA NA NA NA NA NA NA NA NA NA NA NA NA NA
"725" "mmu-miR-7021-5p" NA NA NA 2 5 NA NA 5 NA NA NA NA NA NA NA NA 1 8 NA 10 NA NA NA 1
"726" "mmu-miR-703" NA NA NA 2 NA NA NA NA NA NA NA NA NA NA NA NA NA NA NA NA NA NA NA NA
"727" "mmu-miR-7035-3p" NA NA NA 1 NA NA NA NA NA NA NA NA NA NA NA NA NA NA NA NA NA NA NA NA
"728" "mmu-miR-7079-3p" NA NA NA 3 NA 1 NA NA NA NA NA NA NA NA NA NA 1 NA NA NA NA NA 2 NA
"729" "mmu-miR-7210-3p" NA NA NA 2 4 NA NA NA 1 NA NA NA NA NA NA NA 3 NA NA NA 4 NA NA NA
"730" "mmu-miR-7234-3p" NA NA NA 3 NA NA NA NA NA NA NA NA NA NA 17 NA NA NA NA NA NA NA NA NA
"731" "mmu-miR-7650-5p" NA NA NA 1 NA NA NA NA NA NA NA NA NA NA NA NA NA NA NA NA NA NA NA NA
"732" "mmu-miR-7651-5p" NA NA NA 1 NA NA NA 1 NA NA NA NA NA NA NA NA NA NA 2 NA NA NA NA NA
"733" "mmu-miR-7653-3p" NA NA NA 1 NA 1 NA NA NA NA NA NA NA NA NA NA NA NA NA NA NA NA NA NA
"734" "mmu-miR-7658-3p" NA NA NA 1 NA NA NA NA NA NA NA 4 NA NA NA NA NA NA NA NA NA NA NA NA
"735" "mmu-miR-7664-3p" NA NA NA 2 NA 1 NA NA 1 NA NA NA NA NA NA NA NA NA NA NA 2 NA NA NA
"736" "mmu-miR-7673-3p" NA NA NA 1 NA NA NA NA NA NA NA NA NA NA NA NA NA NA NA NA NA NA NA NA
"737" "mmu-miR-770-3p" NA NA NA 1 NA NA NA NA NA NA NA NA 1 NA NA NA NA NA NA NA 1 NA 1 NA
"738" "mmu-miR-883a-5p" NA NA NA 2 NA 1 NA NA NA NA NA NA NA NA NA NA 1 2 NA NA NA NA 2 NA
"739" "mmu-miR-883b-5p" NA NA NA 5 4 7 NA 3 NA NA NA NA NA NA NA NA 6 NA 3 NA NA 11 4 6
"740" "mmu-miR-3065-3p" NA NA NA NA 10 NA NA NA NA NA NA NA NA NA NA NA NA NA NA NA NA NA NA NA
"741" "mmu-miR-3109-5p" NA NA NA NA 1 NA NA NA NA NA NA NA NA NA NA NA NA NA 4 NA NA NA NA NA
"742" "mmu-miR-541-3p" NA NA NA NA 4 3 NA NA 2 NA NA NA 1 NA NA NA NA NA 1 5 NA NA 6 NA
"743" "mmu-miR-6540-3p" NA NA NA NA 1 NA NA NA NA NA NA NA NA NA NA NA NA NA 2 NA NA NA NA NA
"744" "mmu-miR-6936-3p" NA NA NA NA 1 NA NA NA NA NA NA NA NA NA NA NA NA NA NA NA NA NA NA NA
"745" "mmu-miR-6948-3p" NA NA NA NA 3 1 NA NA NA NA NA NA NA NA NA NA NA NA 1 NA NA NA 2 NA
"746" "mmu-miR-6990-5p" NA NA NA NA 1 NA NA NA NA NA NA NA NA NA NA NA NA NA NA NA NA NA NA NA
"747" "mmu-miR-7116-3p" NA NA NA NA 1 NA NA 1 1 NA NA NA 2 NA NA NA NA NA 2 5 NA NA 1 NA
"748" "mmu-miR-7234-5p" NA NA NA NA 6 NA NA NA NA NA NA NA NA NA NA NA NA NA NA NA NA NA NA NA
"749" "mmu-miR-7236-3p" NA NA NA NA 1 NA NA 6 NA 2 NA NA NA NA NA NA 3 NA NA 2 NA NA 1 NA
"750" "mmu-miR-1187" NA NA NA NA NA 1 NA NA NA NA NA NA NA NA NA NA 5 NA NA NA NA NA 2 NA
"751" "mmu-miR-1197-3p" NA NA NA NA NA 2 NA NA NA NA NA NA NA NA NA NA NA NA NA NA NA NA 3 NA
"752" "mmu-miR-12185-3p" NA NA NA NA NA 1 NA NA NA NA NA NA NA NA NA NA NA NA NA NA 3 NA NA NA
"753" "mmu-miR-1298-5p" NA NA NA NA NA 4 NA NA NA NA NA NA NA NA NA NA NA NA 2 NA 2 NA NA NA
"754" "mmu-miR-149-3p" NA NA NA NA NA 1 NA NA NA 5 NA NA NA NA NA NA NA NA NA 2 NA NA 1 NA
"755" "mmu-miR-155-3p" NA NA NA NA NA 1 NA 1 NA NA NA NA NA NA NA NA NA NA NA NA NA NA NA 7
"756" "mmu-miR-1668" NA NA NA NA NA 3 NA NA NA NA NA NA NA NA NA NA NA NA NA NA NA NA NA NA
"757" "mmu-miR-185-3p" NA NA NA NA NA 1 NA 1 NA 1 NA NA NA NA NA NA NA NA NA 5 1 NA 5 NA
"758" "mmu-miR-1933-3p" NA NA NA NA NA 1 NA NA NA 1 NA NA NA NA NA NA NA NA NA NA 2 NA NA NA
"759" "mmu-miR-1941-3p" NA NA NA NA NA 1 NA NA NA NA NA NA NA NA NA NA NA NA NA NA NA NA 4 NA
"760" "mmu-miR-1970c-5p" NA NA NA NA NA 1 NA NA NA NA NA NA NA NA NA NA NA NA NA NA NA NA NA NA
"761" "mmu-miR-1b-5p" NA NA NA NA NA 2 NA NA NA NA NA NA NA NA NA NA 1 NA NA NA NA NA NA 3
"762" "mmu-miR-219a-2-3p" NA NA NA NA NA 4 NA NA NA NA NA NA NA NA NA NA NA NA 1 NA 1 NA NA NA
"763" "mmu-miR-297c-5p" NA NA NA NA NA 2 NA NA NA 1 NA NA NA NA NA NA NA NA NA NA NA NA 1 NA
"764" "mmu-miR-302b-3p" NA NA NA NA NA 2 NA NA NA NA NA NA NA NA NA NA NA NA NA NA NA NA NA NA
"765" "mmu-miR-3062-5p" NA NA NA NA NA 2 NA NA NA NA NA NA NA NA NA NA NA NA 5 NA NA NA NA NA
"766" "mmu-miR-3064-3p" NA NA NA NA NA 3 NA NA NA NA NA NA NA NA NA NA NA NA NA NA NA NA NA NA
"767" "mmu-miR-3066-3p" NA NA NA NA NA 1 NA 1 NA NA NA NA NA NA NA NA NA NA NA NA NA NA 3 NA
"768" "mmu-miR-3069-5p" NA NA NA NA NA 2 NA NA NA NA NA NA NA NA NA NA NA NA NA NA NA NA 2 NA
"769" "mmu-miR-3076-3p" NA NA NA NA NA 1 NA NA 2 NA NA NA NA NA NA NA NA NA NA NA 4 NA 5 NA
"770" "mmu-miR-3076-5p" NA NA NA NA NA 2 NA NA NA NA NA NA NA NA NA NA NA NA 4 NA NA NA NA NA
"771" "mmu-miR-3097-5p" NA NA NA NA NA 5 NA NA NA NA NA NA NA NA NA NA NA NA NA NA NA NA 1 NA
"772" "mmu-miR-3101-5p" NA NA NA NA NA 1 NA 2 1 NA NA NA NA NA NA NA NA NA NA NA NA NA 1 9
"773" "mmu-miR-323-3p" NA NA NA NA NA 2 NA NA NA 4 NA NA NA 2 NA 6 3 NA NA NA 4 NA 1 NA
"774" "mmu-miR-324-3p" NA NA NA NA NA 7 NA NA 3 NA NA NA NA NA NA NA 1 NA 2 NA NA NA NA NA
"775" "mmu-miR-325-3p" NA NA NA NA NA 1 NA NA NA NA NA NA 1 NA NA NA NA NA NA NA NA NA 4 NA
"776" "mmu-miR-346-5p" NA NA NA NA NA 2 NA 1 NA NA NA NA 1 NA NA NA 2 NA NA NA NA NA 1 NA
"777" "mmu-miR-351-3p" NA NA NA NA NA 3 NA NA NA NA NA NA NA NA NA NA 1 NA NA NA NA NA NA NA
"778" "mmu-miR-365-2-5p" NA NA NA NA NA 1 NA NA NA NA NA NA NA NA NA NA NA NA NA NA NA NA NA NA
"779" "mmu-miR-376c-5p" NA NA NA NA NA 1 NA NA NA NA NA NA NA NA NA NA NA NA NA NA NA NA 3 NA
"780" "mmu-miR-466d-5p" NA NA NA NA NA 1 NA NA NA 1 NA NA NA NA NA NA NA NA NA NA NA NA NA NA
"781" "mmu-miR-466n-5p" NA NA NA NA NA 1 NA NA NA 1 NA NA NA NA NA NA NA NA NA NA NA NA NA NA
"782" "mmu-miR-467h" NA NA NA NA NA 1 NA NA NA NA NA NA NA NA NA NA 1 NA NA NA NA 1 NA NA
"783" "mmu-miR-483-5p" NA NA NA NA NA 2 NA NA NA NA NA NA NA NA NA NA NA NA NA NA 1 NA NA NA
"784" "mmu-miR-5132-5p" NA NA NA NA NA 1 NA NA NA NA NA NA NA NA NA NA 1 NA NA NA 2 NA NA NA
"785" "mmu-miR-540-3p" NA NA NA NA NA 1 NA NA NA NA NA NA NA NA NA NA 2 NA NA NA NA NA NA NA
"786" "mmu-miR-615-5p" NA NA NA NA NA 1 NA 2 1 NA NA NA NA NA NA NA 1 NA NA NA NA NA NA NA
"787" "mmu-miR-6399" NA NA NA NA NA 2 NA NA NA NA NA NA NA NA NA 3 NA NA NA NA NA NA NA NA
"788" "mmu-miR-6418-3p" NA NA NA NA NA 1 NA NA NA NA NA NA NA NA NA NA NA NA NA NA 4 NA NA NA
"789" "mmu-miR-669m-3p" NA NA NA NA NA 1 32 2 NA NA NA NA NA 2 NA 4 2 14 2 19 NA NA 2 1
"790" "mmu-miR-6897-5p" NA NA NA NA NA 4 NA NA NA NA NA NA NA NA NA NA NA NA NA NA NA NA NA NA
"791" "mmu-miR-6908-3p" NA NA NA NA NA 1 NA NA NA NA NA NA NA NA NA NA NA NA NA NA NA NA NA NA
"792" "mmu-miR-6911-3p" NA NA NA NA NA 2 NA NA NA NA NA NA 1 NA NA NA 5 NA 3 NA NA 11 NA NA
"793" "mmu-miR-6934-5p" NA NA NA NA NA 1 NA NA NA NA NA NA NA NA NA NA NA NA NA NA 1 NA NA NA
"794" "mmu-miR-6944-3p" NA NA NA NA NA 3 NA NA NA NA NA NA NA NA NA NA NA NA NA NA 2 NA 6 NA
"795" "mmu-miR-6946-3p" NA NA NA NA NA 1 NA NA NA NA NA NA NA NA NA NA 1 NA NA NA NA NA 1 NA
"796" "mmu-miR-6962-3p" NA NA NA NA NA 1 NA NA NA NA NA NA NA NA NA NA NA NA NA NA NA NA NA NA
"797" "mmu-miR-6971-3p" NA NA NA NA NA 1 NA NA NA NA NA NA NA NA NA NA 2 NA NA NA NA NA 1 NA
"798" "mmu-miR-6978-3p" NA NA NA NA NA 1 NA NA NA NA NA NA NA NA NA 1 NA NA NA NA NA NA 1 NA
"799" "mmu-miR-6983-3p" NA NA NA NA NA 1 NA NA NA NA NA NA NA NA NA NA 2 NA NA NA NA NA NA NA
"800" "mmu-miR-6986-5p" NA NA NA NA NA 2 NA NA NA NA NA NA NA NA NA NA NA NA NA NA NA NA 2 NA
"801" "mmu-miR-7007-5p" NA NA NA NA NA 2 NA NA NA NA NA NA NA NA NA NA NA 6 NA NA NA NA NA NA
"802" "mmu-miR-7009-5p" NA NA NA NA NA 1 NA NA NA NA NA NA NA NA NA NA NA NA NA NA NA NA NA NA
"803" "mmu-miR-7012-3p" NA NA NA NA NA 1 NA NA NA NA NA NA NA NA NA NA NA NA NA NA NA NA NA NA
"804" "mmu-miR-7025-3p" NA NA NA NA NA 3 NA NA NA NA NA NA NA NA NA NA NA NA NA NA NA NA 2 NA
"805" "mmu-miR-7037-5p" NA NA NA NA NA 1 NA NA NA NA NA NA NA NA NA NA NA NA NA NA NA NA NA NA
"806" "mmu-miR-704" NA NA NA NA NA 1 NA NA NA NA NA NA NA NA NA NA NA NA NA NA NA NA NA NA
"807" "mmu-miR-7043-3p" NA NA NA NA NA 5 NA NA NA NA NA NA NA NA NA NA 1 NA NA NA 3 NA 1 NA
"808" "mmu-miR-7045-3p" NA NA NA NA NA 2 NA NA NA NA NA NA NA NA NA NA NA NA NA NA NA NA NA NA
"809" "mmu-miR-7083-5p" NA NA NA NA NA 2 NA NA NA 1 NA NA NA NA NA NA NA NA NA NA NA NA 4 4
"810" "mmu-miR-7092-3p" NA NA NA NA NA 4 NA NA 2 NA NA NA NA NA NA NA NA NA NA NA NA NA NA NA
"811" "mmu-miR-7092-5p" NA NA NA NA NA 4 NA NA NA NA NA NA NA NA NA NA NA NA NA NA 1 NA NA NA
"812" "mmu-miR-7115-5p" NA NA NA NA NA 2 NA NA NA NA NA NA NA NA NA 1 NA NA NA NA NA NA NA NA
"813" "mmu-miR-7657-5p" NA NA NA NA NA 1 NA NA NA NA NA NA NA NA NA NA NA NA NA NA NA NA NA NA
"814" "mmu-miR-7668-5p" NA NA NA NA NA 2 NA NA NA NA NA NA NA NA NA NA NA NA NA NA NA NA NA NA
"815" "mmu-miR-7688-5p" NA NA NA NA NA 1 NA 1 2 NA NA NA NA NA NA NA NA NA NA NA NA NA 1 6
"816" "mmu-miR-7a-2-3p" NA NA NA NA NA 2 NA NA NA 2 NA NA NA NA NA NA 5 NA 1 NA NA NA NA NA
"817" "mmu-miR-8094" NA NA NA NA NA 1 NA NA NA NA NA NA NA NA NA NA NA NA NA NA NA NA NA NA
"818" "mmu-miR-8103" NA NA NA NA NA 2 NA NA 1 NA NA NA 1 NA NA NA NA NA NA NA NA NA NA NA
"819" "mmu-miR-8118" NA NA NA NA NA 1 NA NA 3 NA NA NA NA NA NA NA NA NA 1 NA NA NA NA NA
"820" "mmu-miR-375-5p" NA NA NA NA NA NA 54 NA NA NA NA NA NA NA NA NA NA NA NA NA NA NA NA NA
"821" "mmu-miR-12184-5p" NA NA NA NA NA NA NA 3 NA NA NA NA NA NA NA NA 2 NA NA NA NA NA NA NA
"822" "mmu-miR-3077-3p" NA NA NA NA NA NA NA 1 NA NA NA NA NA NA NA NA NA NA NA NA NA NA NA NA
"823" "mmu-miR-3086-5p" NA NA NA NA NA NA NA 1 NA NA NA NA NA NA NA NA 1 8 NA NA NA NA NA NA
"824" "mmu-miR-381-5p" NA NA NA NA NA NA NA 1 NA NA NA NA NA NA NA NA NA NA 2 NA NA NA NA NA
"825" "mmu-miR-429-5p" NA NA NA NA NA NA NA 2 NA NA NA NA NA NA NA NA NA NA NA NA NA NA NA NA
"826" "mmu-miR-6902-3p" NA NA NA NA NA NA NA 1 NA NA NA NA NA NA NA NA NA NA NA NA NA NA NA NA
"827" "mmu-miR-6954-3p" NA NA NA NA NA NA NA 4 NA NA NA NA NA NA NA NA NA NA NA NA NA NA 2 NA
"828" "mmu-miR-7032-3p" NA NA NA NA NA NA NA 2 NA NA NA NA NA NA NA NA 1 NA NA 4 NA NA 1 NA
"829" "mmu-miR-7652-3p" NA NA NA NA NA NA NA 1 NA NA NA NA NA NA NA NA NA NA NA NA NA NA NA NA
"830" "mmu-miR-18b-3p" NA NA NA NA NA NA NA NA 1 NA NA NA NA NA NA NA NA NA NA NA NA NA NA NA
"831" "mmu-miR-192-3p" NA NA NA NA NA NA NA NA 2 2 NA NA NA NA NA NA NA NA 1 NA NA NA 1 NA
"832" "mmu-miR-3059-5p" NA NA NA NA NA NA NA NA 1 NA NA NA NA NA NA NA 1 NA NA NA NA NA NA NA
"833" "mmu-miR-3099-3p" NA NA NA NA NA NA NA NA 2 NA NA NA NA NA NA NA NA NA NA NA NA NA NA NA
"834" "mmu-miR-370-5p" NA NA NA NA NA NA NA NA 1 NA NA NA NA NA NA NA NA NA NA NA NA NA NA NA
"835" "mmu-miR-410-5p" NA NA NA NA NA NA NA NA 1 NA NA NA NA NA NA NA NA NA NA 9 NA NA NA NA
"836" "mmu-miR-452-5p" NA NA NA NA NA NA NA NA 1 NA NA NA NA NA NA NA 1 4 NA NA NA NA NA NA
"837" "mmu-miR-5134-3p" NA NA NA NA NA NA NA NA 1 NA NA NA NA NA NA NA NA NA NA NA NA NA NA NA
"838" "mmu-miR-6939-3p" NA NA NA NA NA NA NA NA 1 NA NA NA 2 NA NA NA NA NA NA NA NA NA NA NA
"839" "mmu-miR-6940-3p" NA NA NA NA NA NA NA NA 1 1 NA NA NA NA NA NA NA NA NA NA NA NA NA NA
"840" "mmu-miR-7059-5p" NA NA NA NA NA NA NA NA 1 NA 1 NA NA NA NA 1 2 NA 1 NA 1 NA NA 14
"841" "mmu-miR-7065-3p" NA NA NA NA NA NA NA NA 1 NA NA NA NA NA NA NA NA NA NA NA NA NA NA NA
"842" "mmu-miR-877-5p" NA NA NA NA NA NA NA NA 1 NA NA NA NA NA NA NA 2 NA NA NA NA NA NA NA
"843" "mmu-miR-12194-3p" NA NA NA NA NA NA NA NA NA 1 2 NA NA NA NA 2 NA NA NA NA NA 16 NA NA
"844" "mmu-miR-126b-5p" NA NA NA NA NA NA NA NA NA 1 NA NA NA NA NA NA NA NA NA NA NA NA NA NA
"845" "mmu-miR-135b-3p" NA NA NA NA NA NA NA NA NA 2 NA NA NA NA NA NA 1 NA NA 2 NA NA 2 NA
"846" "mmu-miR-181d-3p" NA NA NA NA NA NA NA NA NA 1 NA NA NA NA NA NA NA NA NA NA NA NA 1 NA
"847" "mmu-miR-1929-5p" NA NA NA NA NA NA NA NA NA 1 NA NA 1 NA 18 NA NA NA NA 3 NA NA 3 NA
"848" "mmu-miR-1948-5p" NA NA NA NA NA NA NA NA NA 3 NA NA NA NA NA NA NA NA NA 4 3 NA NA NA
"849" "mmu-miR-196a-2-3p" NA NA NA NA NA NA NA NA NA 3 NA NA NA NA NA NA NA NA NA NA NA NA NA NA
"850" "mmu-miR-34a-3p" NA NA NA NA NA NA NA NA NA 1 NA NA NA NA NA NA NA NA NA NA NA NA 8 NA
"851" "mmu-miR-3569-5p" NA NA NA NA NA NA NA NA NA 1 NA NA NA NA NA NA NA NA NA NA NA NA NA NA
"852" "mmu-miR-466f" NA NA NA NA NA NA NA NA NA 1 NA NA NA NA NA NA NA NA NA NA NA NA 1 NA
"853" "mmu-miR-466k" NA NA NA NA NA NA NA NA NA 1 NA NA NA NA NA NA 1 NA NA NA NA NA NA NA
"854" "mmu-miR-6516-3p" NA NA NA NA NA NA NA NA NA 1 NA NA NA NA NA NA NA NA 1 NA NA NA NA NA
"855" "mmu-miR-677-5p" NA NA NA NA NA NA NA NA NA 3 NA NA 1 NA 61 NA NA NA NA NA NA NA NA 1
"856" "mmu-miR-6896-5p" NA NA NA NA NA NA NA NA NA 1 NA NA NA NA NA NA NA NA NA NA NA NA NA NA
"857" "mmu-miR-6913-3p" NA NA NA NA NA NA NA NA NA 1 NA NA NA NA NA NA 1 NA 2 NA NA NA NA NA
"858" "mmu-miR-6922-3p" NA NA NA NA NA NA NA NA NA 1 NA NA NA NA NA NA NA NA NA NA NA NA NA NA
"859" "mmu-miR-6943-3p" NA NA NA NA NA NA NA NA NA 1 NA NA NA NA NA NA NA NA NA NA NA NA NA NA
"860" "mmu-miR-6952-3p" NA NA NA NA NA NA NA NA NA 1 NA NA NA NA NA NA NA NA NA NA NA NA NA 7
"861" "mmu-miR-6983-5p" NA NA NA NA NA NA NA NA NA 1 NA NA NA NA NA NA NA NA NA NA NA NA NA NA
"862" "mmu-miR-7008-5p" NA NA NA NA NA NA NA NA NA 2 NA NA NA NA NA NA NA NA NA NA NA NA NA NA
"863" "mmu-miR-7085-5p" NA NA NA NA NA NA NA NA NA 1 NA NA NA NA NA NA NA NA NA NA NA NA NA NA
"864" "mmu-miR-7229-5p" NA NA NA NA NA NA NA NA NA 2 NA NA NA NA NA NA NA NA NA NA NA NA NA NA
"865" "mmu-miR-7648-3p" NA NA NA NA NA NA NA NA NA 1 NA NA NA NA NA NA NA NA NA NA NA NA NA NA
"866" "mmu-miR-7669-3p" NA NA NA NA NA NA NA NA NA 2 NA NA NA NA NA NA NA NA NA NA 8 NA NA NA
"867" "mmu-miR-7669-5p" NA NA NA NA NA NA NA NA NA 1 NA NA 1 NA NA NA 1 NA NA NA NA NA 2 NA
"868" "mmu-miR-124-5p" NA NA NA NA NA NA NA NA NA NA 1 NA NA NA NA NA NA NA NA NA 2 NA 1 NA
"869" "mmu-miR-7659-5p" NA NA NA NA NA NA NA NA NA NA 1 NA NA NA NA NA NA NA NA NA NA NA NA NA
"870" "mmu-miR-7069-3p" NA NA NA NA NA NA NA NA NA NA NA 1 NA NA NA NA NA NA NA NA NA NA NA NA
"871" "mmu-miR-449c-3p" NA NA NA NA NA NA NA NA NA NA NA NA 1 NA NA NA NA NA NA NA 1 NA NA NA
"872" "mmu-miR-466l-3p" NA NA NA NA NA NA NA NA NA NA NA NA 1 NA NA NA 2 NA NA NA NA NA 1 NA
"873" "mmu-miR-6539" NA NA NA NA NA NA NA NA NA NA NA NA 2 NA NA NA NA NA NA NA NA NA 1 NA
"874" "mmu-miR-6908-5p" NA NA NA NA NA NA NA NA NA NA NA NA 1 NA NA NA NA NA NA NA NA NA NA NA
"875" "mmu-miR-7091-3p" NA NA NA NA NA NA NA NA NA NA NA NA 1 NA NA NA NA NA NA NA NA NA NA NA
"876" "mmu-miR-490-5p" NA NA NA NA NA NA NA NA NA NA NA NA NA 2 NA NA NA NA NA NA NA NA NA 3
"877" "mmu-miR-669d-2-3p" NA NA NA NA NA NA NA NA NA NA NA NA NA 3 NA NA NA NA NA NA NA NA 6 NA
"878" "mmu-miR-7235-3p" NA NA NA NA NA NA NA NA NA NA NA NA NA 1 NA NA NA NA NA NA NA NA NA NA
"879" "mmu-miR-873a-5p" NA NA NA NA NA NA NA NA NA NA NA NA NA 1 NA NA NA NA NA NA NA NA NA NA
"880" "mmu-miR-188-3p" NA NA NA NA NA NA NA NA NA NA NA NA NA NA 6 NA NA NA 3 NA NA NA NA NA
"881" "mmu-miR-6240" NA NA NA NA NA NA NA NA NA NA NA NA NA NA 1 NA NA NA NA NA NA NA NA NA
"882" "mmu-miR-6537-3p" NA NA NA NA NA NA NA NA NA NA NA NA NA NA 10 NA NA NA NA NA NA NA NA NA
"883" "mmu-miR-1194" NA NA NA NA NA NA NA NA NA NA NA NA NA NA NA 2 2 NA NA NA NA NA NA NA
"884" "mmu-miR-1298-3p" NA NA NA NA NA NA NA NA NA NA NA NA NA NA NA 3 NA NA NA NA NA NA NA NA
"885" "mmu-miR-298-3p" NA NA NA NA NA NA NA NA NA NA NA NA NA NA NA 2 NA NA NA NA NA NA NA NA
"886" "mmu-miR-363-5p" NA NA NA NA NA NA NA NA NA NA NA NA NA NA NA 7 NA NA NA NA 1 6 2 NA
"887" "mmu-miR-6998-3p" NA NA NA NA NA NA NA NA NA NA NA NA NA NA NA 2 NA NA NA NA NA NA NA NA
"888" "mmu-miR-7217-5p" NA NA NA NA NA NA NA NA NA NA NA NA NA NA NA 1 NA NA NA NA NA NA NA NA
"889" "mmu-miR-7218-5p" NA NA NA NA NA NA NA NA NA NA NA NA NA NA NA 1 1 NA NA NA NA NA NA NA
"890" "mmu-miR-107-5p" NA NA NA NA NA NA NA NA NA NA NA NA NA NA NA NA 1 NA 1 NA 5 NA NA NA
"891" "mmu-miR-124b-3p" NA NA NA NA NA NA NA NA NA NA NA NA NA NA NA NA 1 NA 2 NA NA NA NA NA
"892" "mmu-miR-299b-5p" NA NA NA NA NA NA NA NA NA NA NA NA NA NA NA NA 2 NA NA NA NA NA 1 NA
"893" "mmu-miR-3073b-5p" NA NA NA NA NA NA NA NA NA NA NA NA NA NA NA NA 1 NA NA NA NA NA NA NA
"894" "mmu-miR-320-5p" NA NA NA NA NA NA NA NA NA NA NA NA NA NA NA NA 1 NA NA NA 2 NA NA NA
"895" "mmu-miR-3572-3p" NA NA NA NA NA NA NA NA NA NA NA NA NA NA NA NA 5 NA NA NA NA NA NA NA
"896" "mmu-miR-466f-5p" NA NA NA NA NA NA NA NA NA NA NA NA NA NA NA NA 1 NA NA NA NA NA NA NA
"897" "mmu-miR-5114" NA NA NA NA NA NA NA NA NA NA NA NA NA NA NA NA 1 NA NA NA NA NA 5 13
"898" "mmu-miR-5129-3p" NA NA NA NA NA NA NA NA NA NA NA NA NA NA NA NA 3 NA NA NA NA NA 1 NA
"899" "mmu-miR-6546-5p" NA NA NA NA NA NA NA NA NA NA NA NA NA NA NA NA 2 NA NA NA NA NA NA NA
"900" "mmu-miR-6916-5p" NA NA NA NA NA NA NA NA NA NA NA NA NA NA NA NA 2 4 NA NA NA NA NA NA
"901" "mmu-miR-6932-3p" NA NA NA NA NA NA NA NA NA NA NA NA NA NA NA NA 1 NA NA NA NA NA NA NA
"902" "mmu-miR-6938-5p" NA NA NA NA NA NA NA NA NA NA NA NA NA NA NA NA 1 NA NA NA NA NA NA NA
"903" "mmu-miR-6944-5p" NA NA NA NA NA NA NA NA NA NA NA NA NA NA NA NA 3 NA NA NA NA NA NA NA
"904" "mmu-miR-6976-3p" NA NA NA NA NA NA NA NA NA NA NA NA NA NA NA NA 1 NA NA NA NA NA NA NA
"905" "mmu-miR-6997-5p" NA NA NA NA NA NA NA NA NA NA NA NA NA NA NA NA 3 NA NA NA 2 NA NA NA
"906" "mmu-miR-7004-5p" NA NA NA NA NA NA NA NA NA NA NA NA NA NA NA NA 3 NA NA NA NA NA NA NA
"907" "mmu-miR-7018-3p" NA NA NA NA NA NA NA NA NA NA NA NA NA NA NA NA 1 NA NA NA NA NA NA NA
"908" "mmu-miR-7061-5p" NA NA NA NA NA NA NA NA NA NA NA NA NA NA NA NA 4 NA NA NA NA NA NA NA
"909" "mmu-miR-7068-3p" NA NA NA NA NA NA NA NA NA NA NA NA NA NA NA NA 1 NA 4 NA NA NA NA NA
"910" "mmu-miR-7093-3p" NA NA NA NA NA NA NA NA NA NA NA NA NA NA NA NA 1 NA 1 NA NA NA 1 NA
"911" "mmu-miR-7223-5p" NA NA NA NA NA NA NA NA NA NA NA NA NA NA NA NA 1 NA NA NA NA NA NA NA
"912" "mmu-miR-7226-5p" NA NA NA NA NA NA NA NA NA NA NA NA NA NA NA NA 1 NA NA NA NA NA NA NA
"913" "mmu-miR-7682-3p" NA NA NA NA NA NA NA NA NA NA NA NA NA NA NA NA 4 NA NA NA NA NA NA NA
"914" "mmu-miR-7687-5p" NA NA NA NA NA NA NA NA NA NA NA NA NA NA NA NA 1 NA NA NA NA NA 2 NA
"915" "mmu-miR-8104" NA NA NA NA NA NA NA NA NA NA NA NA NA NA NA NA 2 NA NA NA NA NA NA NA
"916" "mmu-miR-1958" NA NA NA NA NA NA NA NA NA NA NA NA NA NA NA NA NA 4 NA NA 4 NA NA NA
"917" "mmu-miR-382-3p" NA NA NA NA NA NA NA NA NA NA NA NA NA NA NA NA NA 3 NA NA NA NA 3 NA
"918" "mmu-miR-7013-5p" NA NA NA NA NA NA NA NA NA NA NA NA NA NA NA NA NA 6 NA NA NA NA NA NA
"919" "mmu-miR-7036b-3p" NA NA NA NA NA NA NA NA NA NA NA NA NA NA NA NA NA 9 NA NA NA NA NA NA
"920" "mmu-miR-7653-5p" NA NA NA NA NA NA NA NA NA NA NA NA NA NA NA NA NA 17 NA NA NA NA 1 NA
"921" "mmu-miR-7675-3p" NA NA NA NA NA NA NA NA NA NA NA NA NA NA NA NA NA 5 NA NA NA NA NA NA
"922" "mmu-miR-12184-3p" NA NA NA NA NA NA NA NA NA NA NA NA NA NA NA NA NA NA 2 NA NA NA NA NA
"923" "mmu-miR-1941-5p" NA NA NA NA NA NA NA NA NA NA NA NA NA NA NA NA NA NA 2 NA NA NA NA NA
"924" "mmu-miR-3079-5p" NA NA NA NA NA NA NA NA NA NA NA NA NA NA NA NA NA NA 1 NA NA NA 1 NA
"925" "mmu-miR-383-5p" NA NA NA NA NA NA NA NA NA NA NA NA NA NA NA NA NA NA 2 NA NA NA 1 12
"926" "mmu-miR-5621-3p" NA NA NA NA NA NA NA NA NA NA NA NA NA NA NA NA NA NA 2 NA NA NA NA NA
"927" "mmu-miR-6546-3p" NA NA NA NA NA NA NA NA NA NA NA NA NA NA NA NA NA NA 1 NA NA NA NA NA
"928" "mmu-miR-6911-5p" NA NA NA NA NA NA NA NA NA NA NA NA NA NA NA NA NA NA 7 NA NA NA NA NA
"929" "mmu-miR-6948-5p" NA NA NA NA NA NA NA NA NA NA NA NA NA NA NA NA NA NA 3 NA NA NA NA NA
"930" "mmu-miR-7036a-3p" NA NA NA NA NA NA NA NA NA NA NA NA NA NA NA NA NA NA 1 NA NA NA NA NA
"931" "mmu-miR-7054-3p" NA NA NA NA NA NA NA NA NA NA NA NA NA NA NA NA NA NA 2 NA NA NA NA NA
"932" "mmu-miR-7054-5p" NA NA NA NA NA NA NA NA NA NA NA NA NA NA NA NA NA NA 3 NA NA NA NA NA
"933" "mmu-miR-7241-3p" NA NA NA NA NA NA NA NA NA NA NA NA NA NA NA NA NA NA 1 NA NA NA NA NA
"934" "mmu-miR-7646-3p" NA NA NA NA NA NA NA NA NA NA NA NA NA NA NA NA NA NA 2 NA NA NA NA NA
"935" "mmu-miR-5615-3p" NA NA NA NA NA NA NA NA NA NA NA NA NA NA NA NA NA NA NA 2 NA NA NA NA
"936" "mmu-miR-5626-3p" NA NA NA NA NA NA NA NA NA NA NA NA NA NA NA NA NA NA NA 6 NA NA NA NA
"937" "mmu-miR-669c-3p" NA NA NA NA NA NA NA NA NA NA NA NA NA NA NA NA NA NA NA 1 3 NA NA NA
"938" "mmu-miR-692" NA NA NA NA NA NA NA NA NA NA NA NA NA NA NA NA NA NA NA 1 NA NA 1 NA
"939" "mmu-miR-7118-3p" NA NA NA NA NA NA NA NA NA NA NA NA NA NA NA NA NA NA NA 4 NA NA NA NA
"940" "mmu-miR-1936" NA NA NA NA NA NA NA NA NA NA NA NA NA NA NA NA NA NA NA NA 5 NA NA NA
"941" "mmu-miR-1956" NA NA NA NA NA NA NA NA NA NA NA NA NA NA NA NA NA NA NA NA 2 NA NA NA
"942" "mmu-miR-1968-3p" NA NA NA NA NA NA NA NA NA NA NA NA NA NA NA NA NA NA NA NA 1 NA NA NA
"943" "mmu-miR-294-5p" NA NA NA NA NA NA NA NA NA NA NA NA NA NA NA NA NA NA NA NA 5 NA NA NA
"944" "mmu-miR-302d-3p" NA NA NA NA NA NA NA NA NA NA NA NA NA NA NA NA NA NA NA NA 1 NA NA NA
"945" "mmu-miR-3103-3p" NA NA NA NA NA NA NA NA NA NA NA NA NA NA NA NA NA NA NA NA 4 NA 2 NA
"946" "mmu-miR-5107-5p" NA NA NA NA NA NA NA NA NA NA NA NA NA NA NA NA NA NA NA NA 3 NA NA NA
"947" "mmu-miR-6903-5p" NA NA NA NA NA NA NA NA NA NA NA NA NA NA NA NA NA NA NA NA 1 NA 2 NA
"948" "mmu-miR-6975-3p" NA NA NA NA NA NA NA NA NA NA NA NA NA NA NA NA NA NA NA NA 1 NA NA NA
"949" "mmu-miR-6997-3p" NA NA NA NA NA NA NA NA NA NA NA NA NA NA NA NA NA NA NA NA 5 NA NA NA
"950" "mmu-miR-7019-3p" NA NA NA NA NA NA NA NA NA NA NA NA NA NA NA NA NA NA NA NA 2 NA 5 NA
"951" "mmu-miR-7043-5p" NA NA NA NA NA NA NA NA NA NA NA NA NA NA NA NA NA NA NA NA 1 NA NA NA
"952" "mmu-miR-7046-3p" NA NA NA NA NA NA NA NA NA NA NA NA NA NA NA NA NA NA NA NA 6 NA NA NA
"953" "mmu-miR-7061-3p" NA NA NA NA NA NA NA NA NA NA NA NA NA NA NA NA NA NA NA NA 1 NA NA NA
"954" "mmu-miR-7647-5p" NA NA NA NA NA NA NA NA NA NA NA NA NA NA NA NA NA NA NA NA 4 NA 2 NA
"955" "mmu-miR-3090-3p" NA NA NA NA NA NA NA NA NA NA NA NA NA NA NA NA NA NA NA NA NA 7 NA NA
"956" "mmu-miR-6950-5p" NA NA NA NA NA NA NA NA NA NA NA NA NA NA NA NA NA NA NA NA NA 4 NA NA
"957" "mmu-miR-103-1-5p" NA NA NA NA NA NA NA NA NA NA NA NA NA NA NA NA NA NA NA NA NA NA 3 NA
"958" "mmu-miR-1199-5p" NA NA NA NA NA NA NA NA NA NA NA NA NA NA NA NA NA NA NA NA NA NA 2 NA
"959" "mmu-miR-12187-3p" NA NA NA NA NA NA NA NA NA NA NA NA NA NA NA NA NA NA NA NA NA NA 3 NA
"960" "mmu-miR-211-3p" NA NA NA NA NA NA NA NA NA NA NA NA NA NA NA NA NA NA NA NA NA NA 1 NA
"961" "mmu-miR-3085-3p" NA NA NA NA NA NA NA NA NA NA NA NA NA NA NA NA NA NA NA NA NA NA 1 NA
"962" "mmu-miR-3093-3p" NA NA NA NA NA NA NA NA NA NA NA NA NA NA NA NA NA NA NA NA NA NA 2 NA
"963" "mmu-miR-3094-5p" NA NA NA NA NA NA NA NA NA NA NA NA NA NA NA NA NA NA NA NA NA NA 1 NA
"964" "mmu-miR-3098-3p" NA NA NA NA NA NA NA NA NA NA NA NA NA NA NA NA NA NA NA NA NA NA 2 NA
"965" "mmu-miR-3112-3p" NA NA NA NA NA NA NA NA NA NA NA NA NA NA NA NA NA NA NA NA NA NA 1 NA
"966" "mmu-miR-3544-5p" NA NA NA NA NA NA NA NA NA NA NA NA NA NA NA NA NA NA NA NA NA NA 3 NA
"967" "mmu-miR-483-3p" NA NA NA NA NA NA NA NA NA NA NA NA NA NA NA NA NA NA NA NA NA NA 3 NA
"968" "mmu-miR-491-3p" NA NA NA NA NA NA NA NA NA NA NA NA NA NA NA NA NA NA NA NA NA NA 1 NA
"969" "mmu-miR-5103" NA NA NA NA NA NA NA NA NA NA NA NA NA NA NA NA NA NA NA NA NA NA 3 4
"970" "mmu-miR-551b-5p" NA NA NA NA NA NA NA NA NA NA NA NA NA NA NA NA NA NA NA NA NA NA 3 NA
"971" "mmu-miR-5616-3p" NA NA NA NA NA NA NA NA NA NA NA NA NA NA NA NA NA NA NA NA NA NA 1 NA
"972" "mmu-miR-6540-5p" NA NA NA NA NA NA NA NA NA NA NA NA NA NA NA NA NA NA NA NA NA NA 1 NA
"973" "mmu-miR-666-5p" NA NA NA NA NA NA NA NA NA NA NA NA NA NA NA NA NA NA NA NA NA NA 8 NA
"974" "mmu-miR-669d-3p" NA NA NA NA NA NA NA NA NA NA NA NA NA NA NA NA NA NA NA NA NA NA 5 NA
"975" "mmu-miR-669i" NA NA NA NA NA NA NA NA NA NA NA NA NA NA NA NA NA NA NA NA NA NA 4 NA
"976" "mmu-miR-6904-5p" NA NA NA NA NA NA NA NA NA NA NA NA NA NA NA NA NA NA NA NA NA NA 1 NA
"977" "mmu-miR-6916-3p" NA NA NA NA NA NA NA NA NA NA NA NA NA NA NA NA NA NA NA NA NA NA 1 NA
"978" "mmu-miR-6919-3p" NA NA NA NA NA NA NA NA NA NA NA NA NA NA NA NA NA NA NA NA NA NA 1 NA
"979" "mmu-miR-6929-3p" NA NA NA NA NA NA NA NA NA NA NA NA NA NA NA NA NA NA NA NA NA NA 2 NA
"980" "mmu-miR-6945-3p" NA NA NA NA NA NA NA NA NA NA NA NA NA NA NA NA NA NA NA NA NA NA 2 NA
"981" "mmu-miR-6964-3p" NA NA NA NA NA NA NA NA NA NA NA NA NA NA NA NA NA NA NA NA NA NA 1 NA
"982" "mmu-miR-6984-3p" NA NA NA NA NA NA NA NA NA NA NA NA NA NA NA NA NA NA NA NA NA NA 4 NA
"983" "mmu-miR-6989-3p" NA NA NA NA NA NA NA NA NA NA NA NA NA NA NA NA NA NA NA NA NA NA 3 NA
"984" "mmu-miR-6993-5p" NA NA NA NA NA NA NA NA NA NA NA NA NA NA NA NA NA NA NA NA NA NA 2 NA
"985" "mmu-miR-7010-5p" NA NA NA NA NA NA NA NA NA NA NA NA NA NA NA NA NA NA NA NA NA NA 2 NA
"986" "mmu-miR-7230-5p" NA NA NA NA NA NA NA NA NA NA NA NA NA NA NA NA NA NA NA NA NA NA 1 NA
"987" "mmu-miR-7232-3p" NA NA NA NA NA NA NA NA NA NA NA NA NA NA NA NA NA NA NA NA NA NA 1 NA
"988" "mmu-miR-7666-3p" NA NA NA NA NA NA NA NA NA NA NA NA NA NA NA NA NA NA NA NA NA NA 1 NA
"989" "mmu-miR-7673-5p" NA NA NA NA NA NA NA NA NA NA NA NA NA NA NA NA NA NA NA NA NA NA 4 NA
"990" "mmu-miR-7676-3p" NA NA NA NA NA NA NA NA NA NA NA NA NA NA NA NA NA NA NA NA NA NA 4 NA
"991" "mmu-miR-7687-3p" NA NA NA NA NA NA NA NA NA NA NA NA NA NA NA NA NA NA NA NA NA NA 1 NA
"992" "mmu-miR-103-2-5p" NA NA NA NA NA NA NA NA NA NA NA NA NA NA NA NA NA NA NA NA NA NA NA 8
"993" "mmu-miR-122b-5p" NA NA NA NA NA NA NA NA NA NA NA NA NA NA NA NA NA NA NA NA NA NA NA 6
"994" "mmu-miR-3095-5p" NA NA NA NA NA NA NA NA NA NA NA NA NA NA NA NA NA NA NA NA NA NA NA 4
"995" "mmu-miR-3102-3p.2-3p" NA NA NA NA NA NA NA NA NA NA NA NA NA NA NA NA NA NA NA NA NA NA NA 5
"996" "mmu-miR-374c-3p" NA NA NA NA NA NA NA NA NA NA NA NA NA NA NA NA NA NA NA NA NA NA NA 7
"997" "mmu-miR-378d" NA NA NA NA NA NA NA NA NA NA NA NA NA NA NA NA NA NA NA NA NA NA NA 1
"998" "mmu-miR-6920-3p" NA NA NA NA NA NA NA NA NA NA NA NA NA NA NA NA NA NA NA NA NA NA NA 5
"999" "mmu-miR-7656-5p" NA NA NA NA NA NA NA NA NA NA NA NA NA NA NA NA NA NA NA NA NA NA NA 6
